10
20
14
43
86400
0.1
0.009625668449197862 0.009207161125319694 0.005 0.0026134301270417425 0.009625668449197862 0.0075630252100840345 0.003789473684210526 0.01 0.0058823529411764705 0.007407407407407408 0.0037151702786377707 0.009625668449197862 0.005333333333333334 0.005714285714285715 0.006557377049180328 0.009207161125319694 0.0028492283339928773 0.0058823529411764705 0.00625 0.009207161125319694 
57.75401069518717 55.24296675191816 30 15.680580762250454 57.75401069518717 45.378151260504204 22.736842105263154 60 35.29411764705882 44.44444444444444 22.291021671826623 57.75401069518717 32 34.285714285714285 39.34426229508196 55.24296675191816 17.095370003957264 35.29411764705882 37.5 55.24296675191816 
96.25668449197862 92.07161125319693 50 26.134301270417424 96.25668449197862 75.63025210084034 37.89473684210526 100 58.8235294117647 74.07407407407408 37.151702786377705 96.25668449197862 53.333333333333336 57.142857142857146 65.57377049180327 92.07161125319693 28.492283339928772 58.8235294117647 62.5 92.07161125319693 
0 10800 10800 10800 10800 10800 10800 10800 10800 10800 10800 10800 10800 10800 10800 10800 10800 10800 10800 10800 
10800 0 10800 10800 10800 10800 10800 10800 10800 10800 10800 10800 10800 10800 10800 10800 10800 10800 10800 10800 
10800 10800 0 10800 10800 10800 10800 10800 10800 10800 10800 10800 10800 10800 10800 10800 10800 10800 10800 10800 
10800 10800 10800 0 10800 10800 10800 10800 10800 10800 10800 10800 10800 10800 10800 10800 10800 10800 10800 10800 
10800 10800 10800 10800 0 10800 10800 10800 10800 10800 10800 10800 10800 10800 10800 10800 10800 10800 10800 10800 
10800 10800 10800 10800 10800 0 10800 10800 10800 10800 10800 10800 10800 10800 10800 10800 10800 10800 10800 10800 
10800 10800 10800 10800 10800 10800 0 10800 10800 10800 10800 10800 10800 10800 10800 10800 10800 10800 10800 10800 
10800 10800 10800 10800 10800 10800 10800 0 10800 10800 10800 10800 10800 10800 10800 10800 10800 10800 10800 10800 
10800 10800 10800 10800 10800 10800 10800 10800 0 10800 10800 10800 10800 10800 10800 10800 10800 10800 10800 10800 
10800 10800 10800 10800 10800 10800 10800 10800 10800 0 10800 10800 10800 10800 10800 10800 10800 10800 10800 10800 
10800 10800 10800 10800 10800 10800 10800 10800 10800 10800 0 10800 10800 10800 10800 10800 10800 10800 10800 10800 
10800 10800 10800 10800 10800 10800 10800 10800 10800 10800 10800 0 10800 10800 10800 10800 10800 10800 10800 10800 
10800 10800 10800 10800 10800 10800 10800 10800 10800 10800 10800 10800 0 10800 10800 10800 10800 10800 10800 10800 
10800 10800 10800 10800 10800 10800 10800 10800 10800 10800 10800 10800 10800 0 10800 10800 10800 10800 10800 10800 
10800 10800 10800 10800 10800 10800 10800 10800 10800 10800 10800 10800 10800 10800 0 10800 10800 10800 10800 10800 
10800 10800 10800 10800 10800 10800 10800 10800 10800 10800 10800 10800 10800 10800 10800 0 10800 10800 10800 10800 
10800 10800 10800 10800 10800 10800 10800 10800 10800 10800 10800 10800 10800 10800 10800 10800 0 10800 10800 10800 
10800 10800 10800 10800 10800 10800 10800 10800 10800 10800 10800 10800 10800 10800 10800 10800 10800 0 10800 10800 
10800 10800 10800 10800 10800 10800 10800 10800 10800 10800 10800 10800 10800 10800 10800 10800 10800 10800 0 10800 
10800 10800 10800 10800 10800 10800 10800 10800 10800 10800 10800 10800 10800 10800 10800 10800 10800 10800 10800 0 
165 0 0 0 0 0 0 0 0 0 0 0 0 0 
0 0 0 0 0 0 0 2300 1100 1050 2100 2100 5250 4500 
0 0 0 0 0 0 1900 700 0 0 0 0 0 0 
1920 0 0 80 0 0 0 0 0 0 0 0 0 0 
2400 0 0 0 0 0 0 0 0 0 0 0 0 0 
160 0 0 0 0 0 0 0 0 0 0 0 0 0 
1360 0 2080 1440 1360 2080 2080 2080 0 1520 0 0 0 0 
0 0 0 2800 0 0 0 0 0 0 0 0 0 0 
1500 0 0 0 0 2100 1500 300 3300 2100 4200 4500 0 0 
2600 0 0 0 0 0 0 0 0 0 0 0 0 0 
2000 0 1040 0 160 0 0 0 0 0 0 0 0 0 
1100 0 0 0 0 0 250 0 0 0 0 0 0 0 
8760 1530 1530 0 3060 4620 0 1710 990 1560 1530 0 0 0 
0 0 0 0 0 900 0 0 0 0 2200 0 1350 0 
0 0 0 1540 1798 0 0 0 0 0 0 0 0 0 
50 0 0 0 0 0 0 0 0 0 0 0 0 0 
100 0 0 0 4200 0 0 0 0 0 0 0 0 0 
0 0 0 0 300 2400 1200 0 3600 2100 4200 4500 0 0 
1020 3060 0 1530 0 0 0 0 0 0 0 3060 0 0 
2080 2080 400 0 0 0 0 0 0 0 0 0 0 0 
0 0 1 0 0 1 0 0 0 1 
0 0 1 0 0 1 1 0 0 1 
0 0 0 1 0 0 0 0 0 0 
0 1 0 1 0 0 0 1 0 0 
0 0 1 0 0 1 0 0 0 1 
0 0 0 0 1 0 0 0 1 0 
0 0 0 0 0 0 0 0 0 1 
0 0 0 1 1 0 0 0 1 0 
0 0 0 1 1 0 0 0 1 0 
0 0 0 1 0 0 0 0 0 0 
0 0 0 0 0 0 0 0 0 1 
0 0 1 0 0 1 0 0 0 1 
1 0 0 0 1 0 1 0 1 0 
0 0 0 1 1 0 0 0 1 0 
0 0 1 0 0 1 0 0 0 1 
0 0 0 0 0 1 0 0 0 1 
0 0 0 0 0 0 0 1 0 0 
0 0 0 1 1 0 0 0 1 0 
0 0 1 0 0 1 0 0 0 1 
0 0 0 0 0 0 1 0 0 0 
0.006 0.006 0.006 0.006 0.006 0.006 0.006 0.007 0.007 0.007 
0 0 1 0 0 1 0 0 0 1 
0 0 0 0 0 1 1 0 0 1 
0 0 1 0 0 1 1 0 0 1 
0 0 0 1 0 0 0 0 0 0 
0 1 0 1 0 0 0 1 0 0 
0 0 1 0 0 1 0 0 0 1 
0 0 0 0 1 0 0 0 1 0 
0 0 0 0 0 0 0 0 0 1 
0 0 0 1 1 0 0 0 1 0 
0 0 0 1 1 0 0 0 1 0 
0 0 0 1 0 0 0 0 0 0 
0 0 0 1 0 0 0 0 0 0 
0 0 0 0 0 0 0 0 0 1 
0 0 1 0 0 1 0 0 0 1 
0 0 0 0 1 0 1 0 1 0 
0 0 0 0 1 0 1 0 1 0 
0 0 0 0 1 0 1 0 1 0 
1 0 0 0 0 0 1 0 0 0 
1 0 0 0 0 0 1 0 0 0 
1 0 0 0 0 0 1 0 0 0 
0 0 0 0 1 0 1 0 1 0 
1 0 0 0 1 0 1 0 1 0 
1 0 0 0 1 0 1 0 1 0 
0 0 0 0 1 0 1 0 1 0 
1 0 0 0 1 0 1 0 1 0 
0 0 0 0 1 0 1 0 1 0 
1 0 0 0 1 0 1 0 1 0 
0 0 0 0 1 0 1 0 1 0 
0 0 0 0 1 0 1 0 1 0 
0 0 0 0 1 0 1 0 1 0 
0 0 0 1 1 0 0 0 1 0 
0 0 0 1 1 0 0 0 1 0 
0 0 0 1 1 0 0 0 1 0 
0 0 0 0 0 1 0 0 0 1 
0 0 1 0 0 1 0 0 0 1 
0 0 0 0 0 1 0 0 0 1 
0 0 0 0 0 0 0 1 0 0 
0 0 0 1 1 0 0 0 1 0 
0 0 1 0 0 1 0 0 0 1 
0 0 1 0 0 1 0 0 0 1 
0 0 1 0 0 1 0 0 0 1 
0 0 1 0 0 1 0 0 0 1 
0 0 0 0 0 0 1 0 0 0 
1 0 0 0 0 0 0 0 0 0 0 0 0 0 0 0 0 0 0 0 0 0 0 0 0 0 0 0 0 0 0 0 0 0 0 0 0 0 0 0 0 0 0 
0 1 1 0 0 0 0 0 0 0 0 0 0 0 0 0 0 0 0 0 0 0 0 0 0 0 0 0 0 0 0 0 0 0 0 0 0 0 0 0 0 0 0 
0 0 0 1 0 0 0 0 0 0 0 0 0 0 0 0 0 0 0 0 0 0 0 0 0 0 0 0 0 0 0 0 0 0 0 0 0 0 0 0 0 0 0 
0 0 0 0 1 0 0 0 0 0 0 0 0 0 0 0 0 0 0 0 0 0 0 0 0 0 0 0 0 0 0 0 0 0 0 0 0 0 0 0 0 0 0 
0 0 0 0 0 1 0 0 0 0 0 0 0 0 0 0 0 0 0 0 0 0 0 0 0 0 0 0 0 0 0 0 0 0 0 0 0 0 0 0 0 0 0 
0 0 0 0 0 0 1 0 0 0 0 0 0 0 0 0 0 0 0 0 0 0 0 0 0 0 0 0 0 0 0 0 0 0 0 0 0 0 0 0 0 0 0 
0 0 0 0 0 0 0 1 0 0 0 0 0 0 0 0 0 0 0 0 0 0 0 0 0 0 0 0 0 0 0 0 0 0 0 0 0 0 0 0 0 0 0 
0 0 0 0 0 0 0 0 1 0 0 0 0 0 0 0 0 0 0 0 0 0 0 0 0 0 0 0 0 0 0 0 0 0 0 0 0 0 0 0 0 0 0 
0 0 0 0 0 0 0 0 0 1 0 0 0 0 0 0 0 0 0 0 0 0 0 0 0 0 0 0 0 0 0 0 0 0 0 0 0 0 0 0 0 0 0 
0 0 0 0 0 0 0 0 0 0 1 1 0 0 0 0 0 0 0 0 0 0 0 0 0 0 0 0 0 0 0 0 0 0 0 0 0 0 0 0 0 0 0 
0 0 0 0 0 0 0 0 0 0 0 0 1 0 0 0 0 0 0 0 0 0 0 0 0 0 0 0 0 0 0 0 0 0 0 0 0 0 0 0 0 0 0 
0 0 0 0 0 0 0 0 0 0 0 0 0 1 0 0 0 0 0 0 0 0 0 0 0 0 0 0 0 0 0 0 0 0 0 0 0 0 0 0 0 0 0 
0 0 0 0 0 0 0 0 0 0 0 0 0 0 1 1 1 1 1 1 1 1 1 1 1 1 1 1 1 1 0 0 0 0 0 0 0 0 0 0 0 0 0 
0 0 0 0 0 0 0 0 0 0 0 0 0 0 0 0 0 0 0 0 0 0 0 0 0 0 0 0 0 0 1 1 1 0 0 0 0 0 0 0 0 0 0 
0 0 0 0 0 0 0 0 0 0 0 0 0 0 0 0 0 0 0 0 0 0 0 0 0 0 0 0 0 0 0 0 0 1 1 0 0 0 0 0 0 0 0 
0 0 0 0 0 0 0 0 0 0 0 0 0 0 0 0 0 0 0 0 0 0 0 0 0 0 0 0 0 0 0 0 0 0 0 1 0 0 0 0 0 0 0 
0 0 0 0 0 0 0 0 0 0 0 0 0 0 0 0 0 0 0 0 0 0 0 0 0 0 0 0 0 0 0 0 0 0 0 0 1 0 0 0 0 0 0 
0 0 0 0 0 0 0 0 0 0 0 0 0 0 0 0 0 0 0 0 0 0 0 0 0 0 0 0 0 0 0 0 0 0 0 0 0 1 0 0 0 0 0 
0 0 0 0 0 0 0 0 0 0 0 0 0 0 0 0 0 0 0 0 0 0 0 0 0 0 0 0 0 0 0 0 0 0 0 0 0 0 1 1 1 1 0 
0 0 0 0 0 0 0 0 0 0 0 0 0 0 0 0 0 0 0 0 0 0 0 0 0 0 0 0 0 0 0 0 0 0 0 0 0 0 0 0 0 0 1 
13 4 5 14 9 12 13 4 6 7 