10
80
14
104
86400
0.1
0.011145510835913313 0.003125 0.0033333333333333335 0.003773584905660377 0.012857142857142859 0.009207161125319694 0.0028492283339928773 0.011145510835913313 0.0028492283339928773 0.0021052631578947372 0.010526315789473684 0.007407407407407408 0.0075630252100840345 0.002960526315789474 0.003444976076555024 0.009625668449197862 0.009375 0.003444976076555024 0.011145510835913313 0.006557377049180328 0.008470588235294119 0.006557377049180328 0.011145510835913313 0.006557377049180328 0.0044444444444444444 0.011250000000000001 0.0037151702786377707 0.0026134301270417425 0.007178464606181456 0.007178464606181456 0.0027067669172932333 0.0027067669172932333 0.010588235294117647 0.009207161125319694 0.0026134301270417425 0.009625668449197862 0.008470588235294119 0.009523809523809525 0.0075630252100840345 0.0027067669172932333 0.009375 0.0125 0.003444976076555024 0.005 0.003413940256045519 0.0026134301270417425 0.0033898305084745766 0.0075630252100840345 0.010329985652797705 0.005714285714285715 0.0075630252100840345 0.003773584905660377 0.007407407407407408 0.007200000000000001 0.003789473684210526 0.003413940256045519 0.006153846153846155 0.007200000000000001 0.011145510835913313 0.0075630252100840345 0.005714285714285715 0.005633802816901409 0.009375 0.009625668449197862 0.002960526315789474 0.009625668449197862 0.011145510835913313 0.0125 0.011145510835913313 0.0027067669172932333 0.0058823529411764705 0.0021052631578947372 0.009207161125319694 0.005333333333333334 0.003444976076555024 0.0037151702786377707 0.00909090909090909 0.01142857142857143 0.005 0.009625668449197862 
66.87306501547988 18.75 20 22.64150943396226 77.14285714285715 55.24296675191816 17.095370003957264 66.87306501547988 17.095370003957264 12.631578947368421 63.157894736842096 44.44444444444444 45.378151260504204 17.763157894736842 20.66985645933014 57.75401069518717 56.25 20.66985645933014 66.87306501547988 39.34426229508196 50.8235294117647 39.34426229508196 66.87306501547988 39.34426229508196 26.666666666666664 67.5 22.291021671826623 15.680580762250454 43.070787637088735 43.070787637088735 16.240601503759397 16.240601503759397 63.52941176470588 55.24296675191816 15.680580762250454 57.75401069518717 50.8235294117647 57.142857142857146 45.378151260504204 16.240601503759397 56.25 75 20.66985645933014 30 20.48364153627311 15.680580762250454 20.338983050847457 45.378151260504204 61.979913916786224 34.285714285714285 45.378151260504204 22.64150943396226 44.44444444444444 43.199999999999996 22.736842105263154 20.48364153627311 36.92307692307692 43.199999999999996 66.87306501547988 45.378151260504204 34.285714285714285 33.80281690140845 56.25 57.75401069518717 17.763157894736842 57.75401069518717 66.87306501547988 75 66.87306501547988 16.240601503759397 35.29411764705882 12.631578947368421 55.24296675191816 32 20.66985645933014 22.291021671826623 54.54545454545454 68.57142857142857 30 57.75401069518717 
111.45510835913313 31.25 33.333333333333336 37.73584905660377 128.57142857142858 92.07161125319693 28.492283339928772 111.45510835913313 28.492283339928772 21.05263157894737 105.26315789473684 74.07407407407408 75.63025210084034 29.60526315789474 34.44976076555024 96.25668449197862 93.75 34.44976076555024 111.45510835913313 65.57377049180327 84.70588235294117 65.57377049180327 111.45510835913313 65.57377049180327 44.44444444444444 112.5 37.151702786377705 26.134301270417424 71.78464606181456 71.78464606181456 27.06766917293233 27.06766917293233 105.88235294117646 92.07161125319693 26.134301270417424 96.25668449197862 84.70588235294117 95.23809523809524 75.63025210084034 27.06766917293233 93.75 125 34.44976076555024 50 34.13940256045519 26.134301270417424 33.898305084745765 75.63025210084034 103.29985652797704 57.142857142857146 75.63025210084034 37.73584905660377 74.07407407407408 72 37.89473684210526 34.13940256045519 61.53846153846154 72 111.45510835913313 75.63025210084034 57.142857142857146 56.33802816901409 93.75 96.25668449197862 29.60526315789474 96.25668449197862 111.45510835913313 125 111.45510835913313 27.06766917293233 58.8235294117647 21.05263157894737 92.07161125319693 53.333333333333336 34.44976076555024 37.151702786377705 90.9090909090909 114.28571428571429 50 96.25668449197862 
0 10800 10800 10800 10800 10800 10800 10800 10800 86400 10800 10800 10800 10800 10800 10800 10800 10800 10800 10800 10800 10800 10800 10800 10800 10800 10800 10800 10800 86400 10800 10800 10800 10800 10800 10800 10800 86400 10800 10800 10800 10800 10800 10800 10800 10800 10800 10800 10800 10800 86400 10800 10800 10800 10800 10800 10800 10800 10800 10800 10800 10800 10800 10800 10800 10800 10800 10800 10800 10800 10800 10800 10800 86400 10800 10800 10800 10800 10800 10800 
10800 0 10800 10800 10800 10800 10800 10800 10800 86400 10800 10800 10800 10800 10800 10800 10800 10800 10800 10800 10800 10800 10800 10800 10800 10800 10800 10800 10800 86400 10800 10800 10800 10800 10800 10800 10800 86400 10800 10800 10800 10800 10800 10800 10800 10800 10800 10800 10800 10800 86400 10800 10800 10800 10800 10800 10800 10800 10800 10800 10800 10800 10800 10800 10800 10800 10800 10800 10800 10800 10800 10800 10800 86400 10800 10800 10800 10800 10800 10800 
10800 10800 0 10800 10800 10800 10800 10800 10800 86400 10800 10800 10800 10800 10800 10800 10800 10800 10800 10800 10800 10800 10800 10800 10800 10800 10800 10800 10800 86400 10800 10800 10800 10800 10800 10800 10800 86400 10800 10800 10800 10800 10800 10800 10800 10800 10800 10800 10800 10800 86400 10800 10800 10800 10800 10800 10800 10800 10800 10800 10800 10800 10800 10800 10800 10800 10800 10800 10800 10800 10800 10800 10800 86400 10800 10800 10800 10800 10800 10800 
10800 10800 10800 0 10800 10800 10800 10800 10800 86400 10800 10800 10800 10800 10800 10800 10800 10800 10800 10800 10800 10800 10800 10800 10800 10800 10800 10800 10800 86400 10800 10800 10800 10800 10800 10800 10800 86400 10800 10800 10800 10800 10800 10800 10800 10800 10800 10800 10800 10800 86400 10800 10800 10800 10800 10800 10800 10800 10800 10800 10800 10800 10800 10800 10800 10800 10800 10800 10800 10800 10800 10800 10800 86400 10800 10800 10800 10800 10800 10800 
10800 10800 10800 10800 0 10800 10800 10800 10800 86400 10800 10800 10800 10800 10800 10800 10800 10800 10800 10800 10800 10800 10800 10800 10800 10800 10800 10800 10800 86400 10800 10800 10800 10800 10800 10800 10800 86400 10800 10800 10800 10800 10800 10800 10800 10800 10800 10800 10800 10800 86400 10800 10800 10800 10800 10800 10800 10800 10800 10800 10800 10800 10800 10800 10800 10800 10800 10800 10800 10800 10800 10800 10800 86400 10800 10800 10800 10800 10800 10800 
10800 10800 10800 10800 10800 0 10800 10800 10800 10800 10800 10800 10800 10800 10800 10800 10800 10800 10800 10800 10800 10800 10800 10800 10800 10800 10800 10800 10800 10800 10800 10800 10800 10800 10800 10800 10800 10800 10800 10800 10800 10800 10800 10800 10800 10800 10800 10800 10800 10800 10800 10800 10800 10800 10800 10800 10800 10800 10800 10800 10800 10800 10800 10800 10800 10800 10800 10800 10800 10800 10800 10800 10800 10800 10800 10800 10800 10800 10800 10800 
10800 10800 10800 10800 10800 10800 0 10800 10800 86400 10800 10800 10800 10800 10800 10800 10800 10800 10800 10800 10800 10800 10800 10800 10800 10800 10800 10800 10800 86400 10800 10800 10800 10800 10800 10800 10800 86400 10800 10800 10800 10800 10800 10800 10800 10800 10800 10800 10800 10800 86400 10800 10800 10800 10800 10800 10800 10800 10800 10800 10800 10800 10800 10800 10800 10800 10800 10800 10800 10800 10800 10800 10800 86400 10800 10800 10800 10800 10800 10800 
10800 10800 10800 10800 10800 10800 10800 0 10800 86400 10800 10800 10800 10800 10800 10800 10800 10800 10800 10800 10800 10800 10800 10800 10800 10800 10800 10800 10800 86400 10800 10800 10800 10800 10800 10800 10800 86400 10800 10800 10800 10800 10800 10800 10800 10800 10800 10800 10800 10800 86400 10800 10800 10800 10800 10800 10800 10800 10800 10800 10800 10800 10800 10800 10800 10800 10800 10800 10800 10800 10800 10800 10800 86400 10800 10800 10800 10800 10800 10800 
10800 10800 10800 10800 10800 10800 10800 10800 0 86400 10800 10800 10800 10800 10800 10800 10800 10800 10800 10800 10800 10800 10800 10800 10800 10800 10800 10800 10800 86400 10800 10800 10800 10800 10800 10800 10800 86400 10800 10800 10800 10800 10800 10800 10800 10800 10800 10800 10800 10800 86400 10800 10800 10800 10800 10800 10800 10800 10800 10800 10800 10800 10800 10800 10800 10800 10800 10800 10800 10800 10800 10800 10800 86400 10800 10800 10800 10800 10800 10800 
10800 10800 10800 10800 10800 10800 10800 10800 10800 0 10800 10800 10800 10800 10800 10800 10800 10800 10800 10800 10800 10800 10800 10800 10800 10800 10800 10800 10800 86400 10800 10800 10800 10800 10800 10800 10800 86400 10800 10800 10800 10800 10800 10800 10800 10800 10800 10800 10800 10800 86400 10800 10800 10800 10800 10800 10800 10800 10800 10800 10800 10800 10800 10800 10800 10800 10800 10800 10800 10800 10800 3600 10800 86400 10800 10800 10800 10800 10800 10800 
10800 10800 10800 10800 10800 10800 10800 10800 10800 10800 0 10800 10800 10800 10800 10800 10800 10800 10800 10800 10800 10800 10800 10800 10800 10800 10800 10800 10800 10800 10800 10800 10800 10800 10800 10800 10800 10800 10800 10800 10800 10800 10800 10800 10800 10800 10800 10800 10800 10800 10800 10800 10800 10800 10800 10800 10800 10800 10800 10800 10800 10800 10800 10800 10800 10800 10800 10800 10800 10800 10800 10800 10800 10800 10800 10800 10800 10800 10800 10800 
10800 10800 10800 10800 10800 10800 10800 10800 10800 86400 10800 0 10800 10800 10800 10800 10800 10800 10800 10800 10800 10800 10800 10800 10800 10800 10800 10800 10800 86400 10800 10800 10800 10800 10800 10800 10800 86400 10800 10800 10800 10800 10800 10800 10800 10800 10800 10800 10800 10800 86400 10800 10800 10800 10800 10800 10800 10800 10800 10800 10800 10800 10800 10800 10800 10800 10800 10800 10800 10800 10800 10800 10800 86400 10800 10800 10800 10800 10800 10800 
10800 10800 10800 10800 10800 10800 10800 10800 10800 86400 10800 10800 0 10800 10800 10800 10800 10800 10800 10800 10800 10800 10800 10800 10800 10800 10800 10800 10800 86400 10800 10800 10800 10800 10800 10800 10800 86400 10800 10800 10800 10800 10800 10800 10800 10800 10800 10800 10800 10800 86400 10800 10800 10800 10800 10800 10800 10800 10800 10800 10800 10800 10800 10800 10800 10800 10800 10800 10800 10800 10800 10800 10800 86400 10800 10800 10800 10800 10800 10800 
10800 10800 10800 10800 10800 10800 10800 10800 10800 86400 10800 10800 10800 0 10800 10800 10800 10800 10800 10800 10800 10800 10800 10800 10800 10800 10800 10800 10800 86400 10800 10800 10800 10800 10800 10800 10800 86400 10800 10800 10800 10800 10800 10800 10800 10800 10800 10800 10800 10800 86400 10800 10800 10800 10800 10800 10800 10800 10800 10800 10800 10800 10800 10800 10800 10800 10800 10800 10800 10800 10800 10800 10800 86400 10800 10800 10800 10800 10800 10800 
10800 10800 10800 10800 10800 10800 10800 10800 10800 86400 10800 10800 10800 10800 0 10800 10800 18000 10800 10800 10800 10800 10800 10800 10800 10800 10800 10800 10800 86400 10800 10800 10800 10800 10800 10800 10800 86400 10800 10800 10800 10800 10800 10800 10800 10800 10800 10800 10800 10800 86400 10800 10800 10800 10800 10800 10800 10800 10800 10800 10800 10800 10800 10800 10800 10800 10800 10800 10800 10800 10800 10800 10800 86400 10800 10800 10800 10800 10800 10800 
10800 10800 10800 10800 10800 10800 10800 10800 10800 86400 10800 10800 10800 10800 10800 0 10800 10800 10800 10800 10800 10800 10800 10800 10800 10800 10800 10800 10800 86400 10800 10800 10800 10800 10800 10800 10800 86400 10800 10800 10800 10800 10800 10800 10800 10800 10800 10800 10800 10800 86400 10800 10800 10800 10800 10800 10800 10800 10800 10800 10800 10800 10800 10800 10800 10800 10800 10800 10800 10800 10800 10800 10800 86400 10800 10800 10800 10800 10800 10800 
10800 10800 10800 10800 10800 10800 10800 10800 10800 86400 10800 10800 10800 10800 10800 10800 0 10800 10800 10800 10800 10800 10800 10800 10800 10800 10800 10800 10800 86400 10800 10800 10800 10800 10800 10800 10800 86400 10800 10800 28800 10800 10800 10800 10800 10800 10800 10800 10800 10800 86400 10800 10800 10800 10800 10800 10800 10800 10800 10800 10800 10800 28800 10800 10800 10800 10800 10800 10800 10800 10800 10800 10800 86400 10800 10800 10800 10800 10800 10800 
10800 10800 10800 10800 10800 10800 10800 10800 10800 86400 10800 10800 10800 10800 18000 10800 10800 0 10800 10800 10800 10800 10800 10800 10800 10800 10800 10800 10800 86400 10800 10800 10800 10800 10800 10800 10800 86400 10800 10800 10800 10800 10800 10800 10800 10800 10800 10800 10800 10800 86400 10800 10800 10800 10800 10800 10800 10800 10800 10800 10800 10800 10800 10800 10800 10800 10800 10800 10800 10800 10800 10800 10800 86400 10800 10800 10800 10800 10800 10800 
10800 10800 10800 10800 10800 10800 10800 10800 10800 86400 10800 10800 10800 10800 10800 10800 10800 10800 0 10800 10800 10800 10800 10800 10800 10800 10800 10800 10800 86400 10800 10800 10800 10800 10800 10800 10800 86400 10800 10800 10800 10800 10800 10800 10800 10800 10800 10800 10800 10800 86400 10800 10800 10800 10800 10800 10800 10800 10800 10800 10800 10800 10800 10800 10800 10800 10800 10800 10800 10800 10800 10800 10800 86400 10800 10800 10800 10800 10800 10800 
10800 10800 10800 10800 10800 10800 10800 10800 10800 86400 10800 10800 10800 10800 10800 10800 10800 10800 10800 0 10800 10800 10800 10800 10800 10800 10800 10800 10800 86400 10800 10800 10800 10800 10800 10800 10800 86400 10800 10800 10800 10800 10800 10800 10800 10800 10800 10800 10800 10800 86400 10800 10800 10800 10800 10800 10800 10800 10800 10800 10800 10800 10800 10800 10800 10800 10800 10800 10800 10800 10800 10800 10800 86400 10800 10800 10800 10800 10800 10800 
10800 10800 10800 10800 10800 10800 10800 10800 10800 86400 10800 10800 10800 10800 10800 10800 10800 10800 10800 10800 0 10800 10800 10800 10800 10800 10800 10800 10800 86400 10800 10800 10800 10800 10800 10800 10800 86400 10800 10800 10800 10800 10800 10800 10800 10800 10800 10800 10800 10800 86400 10800 10800 10800 10800 10800 10800 10800 10800 10800 10800 10800 10800 10800 10800 10800 10800 10800 10800 10800 10800 10800 10800 86400 10800 10800 10800 10800 10800 10800 
10800 10800 10800 10800 10800 10800 10800 10800 10800 86400 10800 10800 10800 10800 10800 10800 10800 10800 10800 10800 10800 0 10800 10800 10800 10800 10800 10800 10800 86400 10800 10800 10800 10800 10800 10800 10800 86400 10800 10800 10800 10800 10800 10800 10800 10800 10800 10800 10800 10800 86400 10800 10800 10800 10800 10800 10800 10800 10800 10800 10800 10800 10800 10800 10800 10800 10800 10800 10800 10800 10800 10800 10800 86400 10800 10800 10800 10800 10800 10800 
10800 10800 10800 10800 10800 10800 10800 10800 10800 86400 10800 10800 10800 10800 10800 10800 10800 10800 10800 10800 10800 10800 0 10800 10800 10800 10800 10800 10800 86400 10800 10800 10800 10800 10800 10800 10800 86400 10800 10800 10800 10800 10800 10800 10800 10800 10800 10800 10800 10800 86400 10800 10800 10800 10800 10800 10800 10800 10800 10800 10800 10800 10800 10800 10800 10800 10800 10800 10800 10800 10800 10800 10800 86400 10800 10800 10800 10800 10800 10800 
10800 10800 10800 10800 10800 10800 10800 10800 10800 86400 10800 10800 10800 10800 10800 10800 10800 10800 10800 10800 10800 10800 10800 0 10800 10800 10800 10800 10800 86400 10800 10800 10800 10800 10800 10800 10800 86400 10800 10800 10800 10800 10800 10800 10800 10800 10800 10800 10800 10800 86400 10800 10800 10800 10800 10800 10800 10800 10800 10800 10800 10800 10800 10800 10800 10800 10800 10800 10800 10800 10800 10800 10800 86400 10800 10800 10800 10800 10800 10800 
10800 10800 10800 10800 10800 10800 10800 10800 10800 86400 10800 10800 10800 10800 10800 10800 10800 10800 10800 10800 10800 10800 10800 10800 0 10800 10800 10800 10800 86400 10800 10800 10800 10800 10800 10800 10800 86400 10800 10800 10800 10800 10800 10800 10800 10800 10800 10800 10800 10800 86400 10800 10800 10800 10800 10800 10800 10800 10800 10800 10800 10800 10800 10800 10800 10800 10800 10800 10800 10800 10800 10800 10800 86400 10800 10800 10800 10800 10800 10800 
10800 10800 10800 10800 10800 10800 10800 10800 10800 86400 10800 10800 10800 10800 10800 10800 10800 10800 10800 10800 10800 10800 10800 10800 10800 0 10800 10800 10800 86400 10800 10800 10800 10800 10800 10800 10800 86400 10800 10800 10800 10800 10800 10800 10800 10800 10800 10800 10800 10800 86400 10800 10800 10800 10800 10800 10800 10800 10800 10800 10800 10800 10800 10800 10800 10800 10800 10800 10800 10800 10800 10800 10800 86400 10800 10800 10800 10800 10800 10800 
10800 10800 10800 10800 10800 10800 10800 10800 10800 86400 10800 10800 10800 10800 10800 10800 10800 10800 10800 10800 10800 10800 10800 10800 10800 10800 0 10800 10800 86400 10800 10800 10800 10800 10800 10800 10800 86400 10800 10800 10800 10800 10800 10800 10800 10800 10800 10800 10800 10800 86400 10800 10800 10800 10800 10800 10800 10800 10800 10800 10800 10800 10800 10800 10800 10800 10800 10800 10800 10800 10800 10800 10800 86400 10800 18000 10800 10800 10800 10800 
10800 10800 10800 10800 10800 10800 10800 10800 10800 86400 10800 10800 10800 10800 10800 10800 10800 10800 10800 10800 10800 10800 10800 10800 10800 10800 10800 0 10800 86400 10800 10800 10800 10800 10800 10800 10800 86400 10800 10800 10800 10800 10800 10800 10800 18000 10800 10800 10800 10800 86400 10800 10800 10800 10800 10800 10800 10800 10800 10800 10800 10800 10800 10800 10800 10800 10800 10800 10800 10800 10800 10800 10800 86400 10800 10800 10800 10800 10800 10800 
10800 10800 10800 10800 10800 10800 10800 10800 10800 86400 10800 10800 10800 10800 10800 10800 10800 10800 10800 10800 10800 10800 10800 10800 10800 10800 10800 10800 0 86400 10800 10800 10800 10800 10800 10800 10800 86400 10800 10800 10800 10800 10800 10800 10800 10800 10800 10800 10800 10800 86400 10800 10800 10800 10800 10800 10800 10800 10800 10800 10800 10800 10800 10800 10800 10800 10800 10800 10800 10800 10800 10800 10800 86400 10800 10800 10800 10800 10800 10800 
10800 10800 10800 10800 10800 10800 10800 10800 10800 86400 10800 10800 10800 10800 10800 10800 10800 10800 10800 10800 10800 10800 10800 10800 10800 10800 10800 10800 10800 0 10800 10800 10800 10800 10800 10800 10800 86400 10800 10800 10800 10800 10800 10800 10800 10800 10800 10800 10800 10800 86400 10800 10800 10800 10800 10800 10800 10800 10800 10800 10800 10800 10800 10800 10800 10800 10800 10800 10800 10800 10800 10800 10800 86400 10800 10800 10800 10800 10800 10800 
10800 10800 10800 10800 10800 10800 10800 10800 10800 86400 10800 10800 10800 10800 10800 10800 10800 10800 10800 10800 10800 10800 10800 10800 10800 10800 10800 10800 10800 86400 0 10800 10800 10800 10800 10800 10800 86400 10800 18000 10800 10800 10800 10800 10800 10800 10800 10800 10800 10800 86400 10800 10800 10800 10800 10800 10800 10800 10800 10800 10800 10800 10800 10800 10800 10800 10800 10800 10800 10800 10800 10800 10800 86400 10800 10800 10800 10800 10800 10800 
10800 10800 10800 10800 10800 10800 10800 10800 10800 86400 10800 10800 10800 10800 10800 10800 10800 10800 10800 10800 10800 10800 10800 10800 10800 10800 10800 10800 10800 86400 10800 0 10800 10800 10800 10800 10800 86400 10800 10800 10800 10800 10800 10800 10800 10800 10800 10800 10800 10800 86400 10800 10800 10800 10800 10800 10800 10800 10800 10800 10800 10800 10800 10800 10800 10800 10800 10800 10800 18000 10800 10800 10800 86400 10800 10800 10800 10800 10800 10800 
10800 10800 10800 10800 10800 10800 10800 10800 10800 86400 10800 10800 10800 10800 10800 10800 10800 10800 10800 10800 10800 10800 10800 10800 10800 10800 10800 10800 10800 86400 10800 10800 0 10800 10800 10800 10800 86400 10800 10800 10800 10800 10800 10800 10800 10800 10800 10800 10800 10800 86400 10800 10800 10800 10800 10800 10800 10800 10800 10800 10800 10800 10800 10800 10800 10800 10800 10800 10800 10800 10800 10800 10800 86400 10800 10800 10800 10800 10800 10800 
10800 10800 10800 10800 10800 10800 10800 10800 10800 86400 10800 10800 10800 10800 10800 10800 10800 10800 10800 10800 10800 10800 10800 10800 10800 10800 10800 10800 10800 86400 10800 10800 10800 0 10800 10800 10800 86400 10800 10800 10800 10800 10800 10800 10800 10800 10800 10800 10800 10800 86400 10800 10800 10800 10800 10800 10800 10800 10800 10800 10800 10800 10800 10800 10800 10800 10800 10800 10800 10800 10800 10800 10800 86400 10800 10800 10800 10800 10800 10800 
10800 10800 10800 10800 10800 10800 10800 10800 10800 86400 10800 10800 10800 10800 10800 10800 10800 10800 10800 10800 10800 10800 10800 10800 10800 10800 10800 10800 10800 86400 10800 10800 10800 10800 0 10800 10800 86400 10800 10800 10800 10800 10800 10800 10800 10800 10800 10800 10800 10800 86400 10800 10800 10800 10800 10800 10800 10800 10800 10800 10800 10800 10800 10800 10800 10800 10800 10800 10800 10800 10800 10800 10800 86400 10800 10800 10800 10800 10800 10800 
10800 10800 10800 10800 10800 10800 10800 10800 10800 86400 10800 10800 10800 10800 10800 10800 10800 10800 10800 10800 10800 10800 10800 10800 10800 10800 10800 10800 10800 86400 10800 10800 10800 10800 10800 0 10800 86400 10800 10800 10800 10800 10800 10800 10800 10800 10800 10800 10800 10800 86400 10800 10800 10800 10800 10800 10800 10800 10800 10800 10800 10800 10800 10800 10800 10800 10800 10800 10800 10800 10800 10800 10800 86400 10800 10800 10800 10800 10800 10800 
10800 10800 10800 10800 10800 10800 10800 10800 10800 86400 10800 10800 10800 10800 10800 10800 10800 10800 10800 10800 10800 10800 10800 10800 10800 10800 10800 10800 10800 86400 10800 10800 10800 10800 10800 10800 0 86400 10800 10800 10800 10800 10800 10800 10800 10800 10800 10800 10800 10800 86400 10800 10800 10800 10800 10800 10800 10800 10800 10800 10800 10800 10800 10800 10800 10800 10800 10800 10800 10800 10800 10800 10800 86400 10800 10800 10800 10800 10800 10800 
10800 10800 10800 10800 10800 10800 10800 10800 10800 10800 10800 10800 10800 10800 10800 10800 10800 10800 10800 10800 10800 10800 10800 10800 10800 10800 10800 10800 10800 10800 10800 10800 10800 10800 10800 10800 10800 0 10800 10800 10800 10800 10800 10800 10800 10800 10800 10800 10800 10800 10800 10800 10800 10800 10800 10800 10800 10800 10800 10800 10800 10800 10800 10800 10800 10800 10800 10800 10800 10800 10800 10800 10800 10800 10800 10800 10800 10800 10800 10800 
10800 10800 10800 10800 10800 10800 10800 10800 10800 86400 10800 10800 10800 10800 10800 10800 10800 10800 10800 10800 10800 10800 10800 10800 10800 10800 10800 10800 10800 86400 10800 10800 10800 10800 10800 10800 10800 86400 0 10800 10800 10800 10800 10800 10800 10800 10800 10800 10800 10800 86400 10800 10800 10800 10800 10800 10800 10800 10800 10800 10800 10800 10800 10800 10800 10800 10800 10800 10800 10800 10800 10800 10800 86400 10800 10800 10800 10800 10800 10800 
10800 10800 10800 10800 10800 10800 10800 10800 10800 86400 10800 10800 10800 10800 10800 10800 10800 10800 10800 10800 10800 10800 10800 10800 10800 10800 10800 10800 10800 86400 18000 10800 10800 10800 10800 10800 10800 86400 10800 0 10800 10800 10800 10800 10800 10800 10800 10800 10800 10800 86400 10800 10800 10800 10800 10800 10800 10800 10800 10800 10800 10800 10800 10800 10800 10800 10800 10800 10800 10800 10800 10800 10800 86400 10800 10800 10800 10800 10800 10800 
10800 10800 10800 10800 10800 10800 10800 10800 10800 86400 10800 10800 10800 10800 10800 10800 28800 10800 10800 10800 10800 10800 10800 10800 10800 10800 10800 10800 10800 86400 10800 10800 10800 10800 10800 10800 10800 86400 10800 10800 0 10800 10800 10800 10800 10800 10800 10800 10800 10800 86400 10800 10800 10800 10800 10800 10800 10800 10800 10800 10800 10800 28800 10800 10800 10800 10800 10800 10800 10800 10800 10800 10800 86400 10800 10800 10800 10800 10800 10800 
10800 10800 10800 10800 10800 10800 10800 10800 10800 86400 10800 10800 10800 10800 10800 10800 10800 10800 10800 10800 10800 10800 10800 10800 10800 10800 10800 10800 10800 86400 10800 10800 10800 10800 10800 10800 10800 86400 10800 10800 10800 0 10800 10800 10800 10800 10800 10800 10800 10800 86400 10800 10800 10800 10800 10800 10800 10800 10800 10800 10800 10800 10800 10800 10800 10800 10800 28800 10800 10800 10800 10800 10800 86400 10800 10800 10800 10800 10800 10800 
10800 10800 10800 10800 10800 10800 10800 10800 10800 86400 10800 10800 10800 10800 10800 10800 10800 10800 10800 10800 10800 10800 10800 10800 10800 10800 10800 10800 10800 86400 10800 10800 10800 10800 10800 10800 10800 86400 10800 10800 10800 10800 0 10800 10800 10800 10800 10800 10800 10800 86400 10800 10800 10800 10800 10800 10800 10800 10800 10800 10800 10800 10800 10800 10800 10800 10800 10800 10800 10800 10800 10800 10800 86400 10800 10800 10800 10800 10800 10800 
10800 10800 10800 10800 10800 10800 10800 10800 10800 86400 10800 10800 10800 10800 10800 10800 10800 10800 10800 10800 10800 10800 10800 10800 10800 10800 10800 10800 10800 86400 10800 10800 10800 10800 10800 10800 10800 86400 10800 10800 10800 10800 10800 0 10800 10800 10800 10800 10800 10800 86400 10800 10800 10800 10800 10800 10800 10800 10800 10800 10800 10800 10800 10800 10800 10800 10800 10800 10800 10800 10800 10800 10800 86400 10800 10800 10800 10800 10800 10800 
10800 10800 10800 10800 10800 10800 10800 10800 10800 86400 10800 10800 10800 10800 10800 10800 10800 10800 10800 10800 10800 10800 10800 10800 10800 10800 10800 10800 10800 86400 10800 10800 10800 10800 10800 10800 10800 86400 10800 10800 10800 10800 10800 10800 0 10800 10800 10800 10800 10800 86400 10800 10800 10800 10800 10800 10800 10800 10800 10800 10800 10800 10800 10800 10800 10800 10800 10800 10800 10800 10800 10800 10800 86400 10800 10800 10800 10800 10800 10800 
10800 10800 10800 10800 10800 10800 10800 10800 10800 86400 10800 10800 10800 10800 10800 10800 10800 10800 10800 10800 10800 10800 10800 10800 10800 10800 10800 18000 10800 86400 10800 10800 10800 10800 10800 10800 10800 86400 10800 10800 10800 10800 10800 10800 10800 0 10800 10800 10800 10800 86400 10800 10800 10800 10800 10800 10800 10800 10800 10800 10800 10800 10800 10800 10800 10800 10800 10800 10800 10800 10800 10800 10800 86400 10800 10800 10800 10800 10800 10800 
10800 10800 10800 10800 10800 10800 10800 10800 10800 86400 10800 10800 10800 10800 10800 10800 10800 10800 10800 10800 10800 10800 10800 10800 10800 10800 10800 10800 10800 86400 10800 10800 10800 10800 10800 10800 10800 86400 10800 10800 10800 10800 10800 10800 10800 10800 0 10800 10800 10800 86400 10800 10800 10800 10800 10800 10800 10800 10800 10800 10800 10800 10800 10800 10800 10800 10800 10800 10800 10800 10800 10800 10800 86400 10800 10800 10800 10800 10800 10800 
10800 10800 10800 10800 10800 10800 10800 10800 10800 86400 10800 10800 10800 10800 10800 10800 10800 10800 10800 10800 10800 10800 10800 10800 10800 10800 10800 10800 10800 86400 10800 10800 10800 10800 10800 10800 10800 86400 10800 10800 10800 10800 10800 10800 10800 10800 10800 0 10800 10800 86400 10800 10800 10800 10800 10800 10800 10800 10800 10800 10800 10800 10800 10800 10800 10800 10800 10800 10800 10800 10800 10800 10800 86400 10800 10800 10800 10800 10800 10800 
10800 10800 10800 10800 10800 10800 10800 10800 10800 86400 10800 10800 10800 10800 10800 10800 10800 10800 10800 10800 10800 10800 10800 10800 10800 10800 10800 10800 10800 86400 10800 10800 10800 10800 10800 10800 10800 86400 10800 10800 10800 10800 10800 10800 10800 10800 10800 10800 0 10800 86400 10800 10800 10800 10800 10800 10800 10800 10800 10800 10800 10800 10800 10800 10800 10800 10800 10800 10800 10800 10800 10800 10800 86400 10800 10800 10800 10800 10800 10800 
10800 10800 10800 10800 10800 10800 10800 10800 10800 86400 10800 10800 10800 10800 10800 10800 10800 10800 10800 10800 10800 10800 10800 10800 10800 10800 10800 10800 10800 86400 10800 10800 10800 10800 10800 10800 10800 86400 10800 10800 10800 10800 10800 10800 10800 10800 10800 10800 10800 0 86400 10800 10800 10800 10800 10800 10800 10800 10800 10800 10800 10800 10800 10800 10800 10800 10800 10800 10800 10800 10800 10800 10800 86400 10800 10800 10800 10800 10800 10800 
10800 10800 10800 10800 10800 10800 10800 10800 10800 86400 10800 10800 10800 10800 10800 10800 10800 10800 10800 10800 10800 10800 10800 10800 10800 10800 10800 10800 10800 86400 10800 10800 10800 10800 10800 10800 10800 86400 10800 10800 10800 10800 10800 10800 10800 10800 10800 10800 10800 10800 0 10800 10800 10800 10800 10800 10800 10800 10800 10800 10800 10800 10800 10800 10800 10800 10800 10800 10800 10800 10800 10800 10800 86400 10800 10800 10800 10800 10800 10800 
10800 10800 10800 10800 10800 10800 10800 10800 10800 86400 10800 10800 10800 10800 10800 10800 10800 10800 10800 10800 10800 10800 10800 10800 10800 10800 10800 10800 10800 86400 10800 10800 10800 10800 10800 10800 10800 86400 10800 10800 10800 10800 10800 10800 10800 10800 10800 10800 10800 10800 86400 0 10800 10800 10800 10800 10800 10800 10800 10800 10800 10800 10800 10800 10800 10800 10800 10800 10800 10800 10800 10800 10800 86400 10800 10800 10800 10800 10800 10800 
10800 10800 10800 10800 10800 10800 10800 10800 10800 86400 10800 10800 10800 10800 10800 10800 10800 10800 10800 10800 10800 10800 10800 10800 10800 10800 10800 10800 10800 86400 10800 10800 10800 10800 10800 10800 10800 86400 10800 10800 10800 10800 10800 10800 10800 10800 10800 10800 10800 10800 86400 10800 0 10800 10800 10800 10800 10800 10800 10800 10800 10800 10800 10800 10800 10800 10800 10800 10800 10800 10800 10800 10800 86400 10800 10800 10800 10800 10800 10800 
10800 10800 10800 10800 10800 10800 10800 10800 10800 86400 10800 10800 10800 10800 10800 10800 10800 10800 10800 10800 10800 10800 10800 10800 10800 10800 10800 10800 10800 86400 10800 10800 10800 10800 10800 10800 10800 86400 10800 10800 10800 10800 10800 10800 10800 10800 10800 10800 10800 10800 86400 10800 10800 0 10800 10800 10800 10800 10800 10800 10800 10800 10800 10800 10800 10800 10800 10800 10800 10800 10800 10800 10800 86400 10800 10800 10800 10800 10800 10800 
10800 10800 10800 10800 10800 10800 10800 10800 10800 86400 10800 10800 10800 10800 10800 10800 10800 10800 10800 10800 10800 10800 10800 10800 10800 10800 10800 10800 10800 86400 10800 10800 10800 10800 10800 10800 10800 86400 10800 10800 10800 10800 10800 10800 10800 10800 10800 10800 10800 10800 86400 10800 10800 10800 0 10800 10800 10800 10800 10800 10800 10800 10800 10800 10800 10800 10800 10800 10800 10800 10800 10800 10800 86400 10800 10800 10800 10800 10800 10800 
10800 10800 10800 10800 10800 10800 10800 10800 10800 86400 10800 10800 10800 10800 10800 10800 10800 10800 10800 10800 10800 10800 10800 10800 10800 10800 10800 10800 10800 86400 10800 10800 10800 10800 10800 10800 10800 86400 10800 10800 10800 10800 10800 10800 10800 10800 10800 10800 10800 10800 86400 10800 10800 10800 10800 0 10800 10800 10800 10800 10800 10800 10800 10800 10800 10800 10800 10800 10800 10800 10800 10800 10800 86400 10800 10800 10800 10800 10800 10800 
10800 10800 10800 10800 10800 10800 10800 10800 10800 86400 10800 10800 10800 10800 10800 10800 10800 10800 10800 10800 10800 10800 10800 10800 10800 10800 10800 10800 10800 86400 10800 10800 10800 10800 10800 10800 10800 86400 10800 10800 10800 10800 10800 10800 10800 10800 10800 10800 10800 10800 86400 10800 10800 10800 10800 10800 0 10800 10800 10800 10800 10800 10800 10800 10800 10800 10800 10800 10800 10800 10800 10800 10800 86400 10800 10800 10800 10800 10800 10800 
10800 10800 10800 10800 10800 10800 10800 10800 10800 86400 10800 10800 10800 10800 10800 10800 10800 10800 10800 10800 10800 10800 10800 10800 10800 10800 10800 10800 10800 86400 10800 10800 10800 10800 10800 10800 10800 86400 10800 10800 10800 10800 10800 10800 10800 10800 10800 10800 10800 10800 86400 10800 10800 10800 10800 10800 10800 0 10800 10800 10800 10800 10800 10800 10800 10800 10800 10800 10800 10800 10800 10800 10800 86400 10800 10800 10800 10800 10800 10800 
10800 10800 10800 10800 10800 10800 10800 10800 10800 86400 10800 10800 10800 10800 10800 10800 10800 10800 10800 10800 10800 10800 10800 10800 10800 10800 10800 10800 10800 86400 10800 10800 10800 10800 10800 10800 10800 86400 10800 10800 10800 10800 10800 10800 10800 10800 10800 10800 10800 10800 86400 10800 10800 10800 10800 10800 10800 10800 0 10800 10800 10800 10800 10800 10800 10800 10800 10800 10800 10800 10800 10800 10800 86400 10800 10800 10800 10800 10800 10800 
10800 10800 10800 10800 10800 10800 10800 10800 10800 86400 10800 10800 10800 10800 10800 10800 10800 10800 10800 10800 10800 10800 10800 10800 10800 10800 10800 10800 10800 86400 10800 10800 10800 10800 10800 10800 10800 86400 10800 10800 10800 10800 10800 10800 10800 10800 10800 10800 10800 10800 86400 10800 10800 10800 10800 10800 10800 10800 10800 0 10800 10800 10800 10800 10800 10800 10800 10800 10800 10800 10800 10800 10800 86400 10800 10800 10800 10800 10800 10800 
10800 10800 10800 10800 10800 10800 10800 10800 10800 86400 10800 10800 10800 10800 10800 10800 10800 10800 10800 10800 10800 10800 10800 10800 10800 10800 10800 10800 10800 86400 10800 10800 10800 10800 10800 10800 10800 86400 10800 10800 10800 10800 10800 10800 10800 10800 10800 10800 10800 10800 86400 10800 10800 10800 10800 10800 10800 10800 10800 10800 0 10800 10800 10800 10800 10800 10800 10800 10800 10800 10800 10800 10800 86400 10800 10800 10800 10800 10800 10800 
10800 10800 10800 10800 10800 10800 10800 10800 10800 86400 10800 10800 10800 10800 10800 10800 10800 10800 10800 10800 10800 10800 10800 10800 10800 10800 10800 10800 10800 86400 10800 10800 10800 10800 10800 10800 10800 86400 10800 10800 10800 10800 10800 10800 10800 10800 10800 10800 10800 10800 86400 10800 10800 10800 10800 10800 10800 10800 10800 10800 10800 0 10800 10800 10800 10800 10800 10800 10800 10800 10800 10800 10800 86400 10800 10800 10800 10800 10800 10800 
10800 10800 10800 10800 10800 10800 10800 10800 10800 86400 10800 10800 10800 10800 10800 10800 28800 10800 10800 10800 10800 10800 10800 10800 10800 10800 10800 10800 10800 86400 10800 10800 10800 10800 10800 10800 10800 86400 10800 10800 28800 10800 10800 10800 10800 10800 10800 10800 10800 10800 86400 10800 10800 10800 10800 10800 10800 10800 10800 10800 10800 10800 0 10800 10800 10800 10800 10800 10800 10800 10800 10800 10800 86400 10800 10800 10800 10800 10800 10800 
10800 10800 10800 10800 10800 10800 10800 10800 10800 86400 10800 10800 10800 10800 10800 10800 10800 10800 10800 10800 10800 10800 10800 10800 10800 10800 10800 10800 10800 86400 10800 10800 10800 10800 10800 10800 10800 86400 10800 10800 10800 10800 10800 10800 10800 10800 10800 10800 10800 10800 86400 10800 10800 10800 10800 10800 10800 10800 10800 10800 10800 10800 10800 0 10800 10800 10800 10800 10800 10800 10800 10800 10800 86400 10800 10800 10800 10800 10800 10800 
10800 10800 10800 10800 10800 10800 10800 10800 10800 86400 10800 10800 10800 10800 10800 10800 10800 10800 10800 10800 10800 10800 10800 10800 10800 10800 10800 10800 10800 86400 10800 10800 10800 10800 10800 10800 10800 86400 10800 10800 10800 10800 10800 10800 10800 10800 10800 10800 10800 10800 86400 10800 10800 10800 10800 10800 10800 10800 10800 10800 10800 10800 10800 10800 0 10800 10800 10800 10800 10800 10800 10800 10800 86400 10800 10800 10800 10800 10800 10800 
10800 10800 10800 10800 10800 10800 10800 10800 10800 86400 10800 10800 10800 10800 10800 10800 10800 10800 10800 10800 10800 10800 10800 10800 10800 10800 10800 10800 10800 86400 10800 10800 10800 10800 10800 10800 10800 86400 10800 10800 10800 10800 10800 10800 10800 10800 10800 10800 10800 10800 86400 10800 10800 10800 10800 10800 10800 10800 10800 10800 10800 10800 10800 10800 10800 0 10800 10800 10800 10800 10800 10800 10800 86400 10800 10800 10800 10800 10800 10800 
10800 10800 10800 10800 10800 10800 10800 10800 10800 86400 10800 10800 10800 10800 10800 10800 10800 10800 10800 10800 10800 10800 10800 10800 10800 10800 10800 10800 10800 86400 10800 10800 10800 10800 10800 10800 10800 86400 10800 10800 10800 10800 10800 10800 10800 10800 10800 10800 10800 10800 86400 10800 10800 10800 10800 10800 10800 10800 10800 10800 10800 10800 10800 10800 10800 10800 0 10800 10800 10800 10800 10800 10800 86400 10800 10800 10800 10800 10800 10800 
10800 10800 10800 10800 10800 10800 10800 10800 10800 86400 10800 10800 10800 10800 10800 10800 10800 10800 10800 10800 10800 10800 10800 10800 10800 10800 10800 10800 10800 86400 10800 10800 10800 10800 10800 10800 10800 86400 10800 10800 10800 28800 10800 10800 10800 10800 10800 10800 10800 10800 86400 10800 10800 10800 10800 10800 10800 10800 10800 10800 10800 10800 10800 10800 10800 10800 10800 0 10800 10800 10800 10800 10800 86400 10800 10800 10800 10800 10800 10800 
10800 10800 10800 10800 10800 10800 10800 10800 10800 86400 10800 10800 10800 10800 10800 10800 10800 10800 10800 10800 10800 10800 10800 10800 10800 10800 10800 10800 10800 86400 10800 10800 10800 10800 10800 10800 10800 86400 10800 10800 10800 10800 10800 10800 10800 10800 10800 10800 10800 10800 86400 10800 10800 10800 10800 10800 10800 10800 10800 10800 10800 10800 10800 10800 10800 10800 10800 10800 0 10800 10800 10800 10800 86400 10800 10800 10800 10800 10800 10800 
10800 10800 10800 10800 10800 10800 10800 10800 10800 86400 10800 10800 10800 10800 10800 10800 10800 10800 10800 10800 10800 10800 10800 10800 10800 10800 10800 10800 10800 86400 10800 18000 10800 10800 10800 10800 10800 86400 10800 10800 10800 10800 10800 10800 10800 10800 10800 10800 10800 10800 86400 10800 10800 10800 10800 10800 10800 10800 10800 10800 10800 10800 10800 10800 10800 10800 10800 10800 10800 0 10800 10800 10800 86400 10800 10800 10800 10800 10800 10800 
10800 10800 10800 10800 10800 10800 10800 10800 10800 86400 10800 10800 10800 10800 10800 10800 10800 10800 10800 10800 10800 10800 10800 10800 10800 10800 10800 10800 10800 86400 10800 10800 10800 10800 10800 10800 10800 86400 10800 10800 10800 10800 10800 10800 10800 10800 10800 10800 10800 10800 86400 10800 10800 10800 10800 10800 10800 10800 10800 10800 10800 10800 10800 10800 10800 10800 10800 10800 10800 10800 0 10800 10800 86400 10800 10800 10800 10800 10800 10800 
10800 10800 10800 10800 10800 10800 10800 10800 10800 86400 10800 10800 10800 10800 10800 10800 10800 10800 10800 10800 10800 10800 10800 10800 10800 10800 10800 10800 10800 86400 10800 10800 10800 10800 10800 10800 10800 86400 10800 10800 10800 10800 10800 10800 10800 10800 10800 10800 10800 10800 86400 10800 10800 10800 10800 10800 10800 10800 10800 10800 10800 10800 10800 10800 10800 10800 10800 10800 10800 10800 10800 0 10800 86400 10800 10800 10800 10800 10800 10800 
10800 10800 10800 10800 10800 10800 10800 10800 10800 86400 10800 10800 10800 10800 10800 10800 10800 10800 10800 10800 10800 10800 10800 10800 10800 10800 10800 10800 10800 86400 10800 10800 10800 10800 10800 10800 10800 86400 10800 10800 10800 10800 10800 10800 10800 10800 10800 10800 10800 10800 86400 10800 10800 10800 10800 10800 10800 10800 10800 10800 10800 10800 10800 10800 10800 10800 10800 10800 10800 10800 10800 10800 0 86400 10800 10800 10800 10800 10800 10800 
10800 10800 10800 10800 10800 10800 10800 10800 10800 86400 10800 10800 10800 10800 10800 10800 10800 10800 10800 10800 10800 10800 10800 10800 10800 10800 10800 10800 10800 86400 10800 10800 10800 10800 10800 10800 10800 86400 10800 10800 10800 10800 10800 10800 10800 10800 10800 10800 10800 10800 86400 10800 10800 10800 10800 10800 10800 10800 10800 10800 10800 10800 10800 10800 10800 10800 10800 10800 10800 10800 10800 10800 10800 0 10800 10800 10800 10800 10800 10800 
10800 10800 10800 10800 10800 10800 10800 10800 10800 86400 10800 10800 10800 10800 10800 10800 10800 10800 10800 10800 10800 10800 10800 10800 10800 10800 10800 10800 10800 86400 10800 10800 10800 10800 10800 10800 10800 86400 10800 10800 10800 10800 10800 10800 10800 10800 10800 10800 10800 10800 86400 10800 10800 10800 10800 10800 10800 10800 10800 10800 10800 10800 10800 10800 10800 10800 10800 10800 10800 10800 10800 10800 10800 86400 0 10800 10800 10800 10800 10800 
10800 10800 10800 10800 10800 10800 10800 10800 10800 86400 10800 10800 10800 10800 10800 10800 10800 10800 10800 10800 10800 10800 10800 10800 10800 10800 18000 10800 10800 86400 10800 10800 10800 10800 10800 10800 10800 86400 10800 10800 10800 10800 10800 10800 10800 10800 10800 10800 10800 10800 86400 10800 10800 10800 10800 10800 10800 10800 10800 10800 10800 10800 10800 10800 10800 10800 10800 10800 10800 10800 10800 10800 10800 86400 10800 0 10800 10800 10800 10800 
10800 10800 10800 10800 10800 10800 10800 10800 10800 86400 10800 10800 10800 10800 10800 10800 10800 10800 10800 10800 10800 10800 10800 10800 10800 10800 10800 10800 10800 86400 10800 10800 10800 10800 10800 10800 10800 86400 10800 10800 10800 10800 10800 10800 10800 10800 10800 10800 10800 10800 86400 10800 10800 10800 10800 10800 10800 10800 10800 10800 10800 10800 10800 10800 10800 10800 10800 10800 10800 10800 10800 10800 10800 86400 10800 10800 0 10800 10800 10800 
10800 10800 10800 10800 10800 10800 10800 10800 10800 86400 10800 10800 10800 10800 10800 10800 10800 10800 10800 10800 10800 10800 10800 10800 10800 10800 10800 10800 10800 86400 10800 10800 10800 10800 10800 10800 10800 86400 10800 10800 10800 10800 10800 10800 10800 10800 10800 10800 10800 10800 86400 10800 10800 10800 10800 10800 10800 10800 10800 10800 10800 10800 10800 10800 10800 10800 10800 10800 10800 10800 10800 10800 10800 86400 10800 10800 10800 0 10800 10800 
10800 10800 10800 10800 10800 10800 10800 10800 10800 86400 10800 10800 10800 10800 10800 10800 10800 10800 10800 10800 10800 10800 10800 10800 10800 10800 10800 10800 10800 86400 10800 10800 10800 10800 10800 10800 10800 86400 10800 10800 10800 10800 10800 10800 10800 10800 10800 10800 10800 10800 86400 10800 10800 10800 10800 10800 10800 10800 10800 10800 10800 10800 10800 10800 10800 10800 10800 10800 10800 10800 10800 10800 10800 86400 10800 10800 10800 10800 0 10800 
10800 10800 10800 10800 10800 10800 10800 10800 10800 86400 10800 10800 10800 10800 10800 10800 10800 10800 10800 10800 10800 10800 10800 10800 10800 10800 10800 10800 10800 86400 10800 10800 10800 10800 10800 10800 10800 86400 10800 10800 10800 10800 10800 10800 10800 10800 10800 10800 10800 10800 86400 10800 10800 10800 10800 10800 10800 10800 10800 10800 10800 10800 10800 10800 10800 10800 10800 10800 10800 10800 10800 10800 10800 86400 10800 10800 10800 10800 10800 0 
16 0 0 0 0 0 0 0 0 0 0 0 0 0 
0 0 0 0 0 0 4160 1560 0 6600 4680 1560 720 0 
0 0 0 0 0 0 0 0 210 0 0 0 0 0 
0 0 0 60 0 0 0 0 0 0 0 0 0 0 
77 0 0 0 0 0 0 0 0 0 0 0 0 0 
90 0 0 0 0 0 0 0 0 0 0 0 0 0 
100 0 2100 2100 0 500 0 0 0 0 0 0 0 0 
0 0 660 0 0 0 0 0 0 0 0 0 0 0 
1800 0 0 0 0 0 0 0 0 0 0 0 0 0 
0 0 0 500 0 0 250 0 0 0 0 0 0 100 
60 0 0 0 0 840 0 0 0 0 0 0 0 0 
2600 0 0 0 0 0 0 0 0 0 0 0 0 0 
480 0 0 0 0 0 0 0 0 11 0 0 0 0 
2970 0 0 0 0 0 0 0 0 0 0 0 0 0 
0 0 0 0 2700 3700 3900 2100 2100 2100 4200 5200 2400 0 
220 0 0 0 0 0 0 0 0 0 0 0 0 20 
100 0 0 0 0 0 0 0 0 0 0 0 0 4 
0 0 0 900 0 0 0 0 0 0 0 0 1500 0 
0 0 0 0 0 0 0 0 0 0 0 0 0 100 
40 0 720 0 0 0 0 0 0 0 0 0 0 0 
0 600 0 100 0 0 0 0 0 0 0 0 0 0 
0 0 0 0 0 0 0 0 0 20 0 0 0 0 
110 0 286 0 0 0 0 0 0 0 0 0 0 22 
0 0 1540 1798 0 0 0 0 0 0 0 0 0 0 
0 0 0 3000 0 0 0 0 0 100 0 0 0 0 
260 0 0 0 0 0 0 0 0 0 0 0 0 0 
2160 880 160 0 0 0 0 0 0 0 0 0 0 0 
1920 0 80 0 0 0 0 0 0 0 0 0 0 0 
0 0 0 0 0 0 0 0 0 0 0 3500 0 0 
0 0 0 0 0 0 0 0 0 560 0 0 0 102 
8 0 0 0 0 0 0 0 0 0 0 0 0 0 
850 0 600 0 0 0 0 0 0 0 0 0 0 0 
0 0 0 0 0 0 0 0 0 0 0 0 0 100 
120 0 0 0 0 0 0 0 0 0 0 0 0 0 
0 0 0 0 0 0 0 0 320 0 0 0 0 0 
1950 0 0 0 0 0 50 0 0 0 50 0 0 0 
500 0 0 1900 0 0 0 0 0 0 0 0 0 0 
60 0 0 0 0 0 0 0 0 0 0 0 0 0 
1920 1040 0 2080 0 1040 560 0 0 0 20 0 0 0 
32 0 0 1000 0 0 0 0 0 0 0 0 0 0 
20 0 0 0 0 0 0 0 0 0 0 0 0 0 
0 0 0 0 0 70 0 0 0 0 0 0 0 0 
60 0 0 0 0 0 0 0 0 0 0 0 0 0 
0 0 0 0 0 0 2500 2250 0 0 0 1750 1500 0 
0 0 0 160 0 0 0 0 0 0 0 0 0 0 
1460 0 0 0 0 0 0 0 0 0 0 0 0 0 
0 0 0 0 0 0 0 0 0 3200 0 0 0 0 
0 0 0 0 0 0 0 0 0 0 0 0 240 0 
600 0 0 0 0 0 0 0 0 0 0 0 0 0 
0 0 0 0 0 0 900 0 0 2200 0 0 1350 0 
0 0 0 0 0 0 0 0 0 0 0 446 0 0 
0 0 1560 0 0 1560 1560 0 1020 60 0 0 0 0 
40 0 0 0 0 0 0 0 0 0 0 0 0 0 
0 0 0 0 0 0 0 0 0 0 0 0 0 100 
0 0 0 720 0 400 2400 0 0 0 0 0 0 0 
80 0 0 0 0 0 0 0 0 0 0 0 0 0 
0 0 0 795 14 0 0 0 0 0 0 0 0 0 
150 0 0 0 0 0 0 0 0 0 0 0 0 0 
0 176 0 0 0 0 0 0 0 0 0 0 0 0 
560 0 0 0 0 0 0 48 0 0 0 0 0 0 
0 0 0 0 0 0 100 0 0 0 0 0 0 0 
0 60 0 0 0 1540 0 1540 0 0 0 1540 1540 380 
440 0 0 0 0 0 0 0 0 0 0 0 0 20 
0 1050 1050 240 0 0 0 0 0 0 0 0 0 0 
860 0 0 0 1710 0 0 0 0 0 0 0 0 0 
160 0 0 0 0 0 0 0 0 0 0 0 0 13 
0 0 0 902 0 0 0 110 0 0 0 0 0 0 
480 0 0 0 0 0 0 0 0 0 0 0 0 20 
0 0 1210 0 0 0 0 0 0 0 0 0 0 0 
7 0 0 0 0 0 0 0 0 0 0 0 0 0 
0 0 0 0 2100 0 1500 1500 6300 4200 2100 300 0 0 
10385 0 0 0 0 0 1000 0 0 0 0 0 0 0 
0 0 950 50 0 0 0 0 0 0 0 0 0 0 
100 0 0 0 0 0 0 0 0 0 0 0 0 8 
0 0 0 2100 2100 4200 1700 0 0 0 0 0 0 0 
320 0 0 640 0 0 0 0 0 0 0 0 0 0 
0 260 80 520 0 0 0 0 0 0 0 0 0 0 
0 0 0 400 50 0 0 0 0 0 0 0 0 0 
100 0 0 0 0 0 0 0 0 0 0 0 0 0 
1300 0 0 1150 0 0 0 0 0 0 0 0 0 0 
0 0 0 1 0 0 0 0 0 0 
0 0 1 0 0 0 1 0 0 0 
0 0 0 0 0 1 0 0 0 0 
0 1 1 0 0 0 0 0 0 0 
0 0 0 1 0 0 0 0 0 0 
0 0 0 0 0 1 0 0 1 0 
0 0 1 0 0 0 0 0 0 0 
0 0 0 0 0 1 0 0 1 0 
0 0 1 0 0 1 0 0 0 0 
1 0 0 0 0 0 0 1 0 0 
0 0 0 1 0 0 0 0 0 0 
1 0 0 0 0 0 0 1 0 0 
1 1 0 0 0 0 0 0 0 0 
0 0 1 0 0 1 0 0 0 0 
0 0 0 0 1 0 0 0 0 0 
0 0 0 0 0 1 0 0 1 0 
0 0 0 1 0 0 0 0 0 0 
0 0 0 0 1 0 0 0 0 0 
0 0 0 1 0 0 0 0 0 0 
0 0 0 0 0 1 0 0 1 1 
1 1 0 0 0 0 0 1 0 0 
0 0 0 0 0 1 0 0 1 1 
0 0 0 0 0 1 0 0 1 0 
0 0 0 0 0 1 0 0 1 1 
1 1 0 0 0 0 0 1 0 0 
0 0 0 1 0 0 0 0 0 0 
0 0 0 0 0 1 0 0 0 0 
0 0 1 0 1 0 0 0 0 0 
1 1 0 0 0 0 0 0 0 0 
1 1 0 0 0 0 0 0 0 0 
0 0 1 0 1 0 0 0 0 0 
0 0 1 0 1 0 0 0 0 0 
1 1 0 0 0 0 1 0 0 0 
0 0 0 0 0 0 1 0 0 0 
0 0 1 0 1 0 0 0 0 0 
0 0 0 0 0 1 0 0 1 0 
1 0 0 0 0 0 0 1 0 0 
0 0 0 1 0 0 0 0 1 0 
1 1 0 0 0 0 0 0 0 0 
0 0 1 0 1 0 0 0 0 0 
0 0 0 1 0 0 0 0 0 0 
0 0 0 1 0 0 0 0 0 0 
0 0 1 0 0 1 0 0 0 0 
0 1 0 0 0 0 0 0 0 0 
0 0 0 0 0 1 0 0 0 0 
0 0 1 0 1 0 0 0 0 0 
1 0 0 0 0 0 0 1 0 0 
1 1 0 0 0 0 0 0 0 0 
0 0 0 0 0 1 0 0 1 0 
1 1 0 0 0 0 0 1 0 0 
1 1 0 0 0 0 0 0 0 0 
0 0 1 0 0 1 0 0 1 1 
0 0 0 1 0 0 0 0 0 0 
1 1 0 0 0 0 0 0 0 0 
0 0 0 0 0 1 0 0 0 0 
0 0 0 0 0 1 0 0 0 0 
0 0 0 0 0 1 0 0 1 1 
0 0 0 0 0 1 0 0 1 0 
0 0 0 0 0 1 0 0 1 0 
1 1 0 0 0 0 0 0 0 0 
1 0 0 0 0 0 0 1 0 0 
0 0 0 0 0 1 0 0 1 1 
0 0 0 1 0 0 0 0 0 0 
0 0 0 0 0 1 0 0 1 0 
0 0 1 0 0 1 0 0 0 0 
0 0 0 0 0 1 0 0 1 0 
0 0 0 0 0 1 0 0 1 0 
0 0 0 1 0 0 0 0 0 0 
0 0 0 0 0 1 0 0 1 0 
0 0 1 0 1 0 0 0 0 0 
1 1 0 0 0 0 0 1 0 0 
1 0 0 0 0 0 0 1 0 0 
0 0 0 0 0 1 1 0 1 0 
0 0 0 0 0 1 0 0 1 1 
0 0 1 0 0 0 0 0 0 0 
0 0 0 0 0 1 0 0 0 0 
0 0 0 1 0 0 0 0 0 0 
1 0 0 0 0 0 0 1 0 0 
1 0 0 0 0 0 0 1 0 0 
0 0 0 0 0 1 0 0 1 0 
0.006 0.006 0.006 0.006 0.006 0.006 0.006 0.007 0.007 0.007 
0 0 0 1 0 0 0 0 0 0 
0 0 1 0 0 0 1 0 0 0 
0 0 1 0 0 0 1 0 0 0 
0 0 1 0 0 0 1 0 0 0 
0 0 0 0 0 1 0 0 0 0 
0 1 1 0 0 0 0 0 0 0 
0 0 0 1 0 0 0 0 0 0 
0 0 0 0 0 1 0 0 1 0 
0 0 1 0 0 0 0 0 0 0 
0 0 0 0 0 1 0 0 1 0 
0 0 1 0 0 1 0 0 0 0 
1 0 0 0 0 0 0 1 0 0 
1 0 0 0 0 0 0 1 0 0 
0 0 0 1 0 0 0 0 0 0 
1 0 0 0 0 0 0 1 0 0 
1 0 0 0 0 0 0 1 0 0 
1 1 0 0 0 0 0 0 0 0 
0 0 1 0 0 1 0 0 0 0 
0 0 0 0 1 0 0 0 0 0 
0 0 0 0 1 0 0 0 0 0 
0 0 0 0 1 0 0 0 0 0 
0 0 0 0 1 0 0 0 0 0 
0 0 0 0 0 1 0 0 1 0 
0 0 0 1 0 0 0 0 0 0 
0 0 0 1 0 0 0 0 0 0 
0 0 0 0 0 1 0 0 1 1 
1 1 0 0 0 0 0 1 0 0 
0 0 0 0 0 1 0 0 1 1 
0 0 0 0 0 1 0 0 1 1 
0 0 0 0 0 1 0 0 1 0 
0 0 0 0 0 1 0 0 1 1 
0 0 0 0 0 1 0 0 1 1 
1 1 0 0 0 0 0 1 0 0 
0 0 0 1 0 0 0 0 0 0 
0 0 0 0 0 1 0 0 0 0 
0 0 1 0 1 0 0 0 0 0 
1 1 0 0 0 0 0 0 0 0 
1 1 0 0 0 0 0 0 0 0 
0 0 1 0 1 0 0 0 0 0 
0 0 1 0 1 0 0 0 0 0 
0 0 1 0 1 0 0 0 0 0 
1 1 0 0 0 0 1 0 0 0 
0 0 0 0 0 0 1 0 0 0 
0 0 1 0 1 0 0 0 0 0 
0 0 1 0 1 0 0 0 0 0 
0 0 1 0 1 0 0 0 0 0 
0 0 1 0 1 0 0 0 0 0 
0 0 0 0 1 0 0 0 0 0 
0 0 0 0 0 1 0 0 1 0 
1 0 0 0 0 0 0 1 0 0 
1 0 0 0 0 0 0 1 0 0 
0 0 0 1 0 0 0 0 1 0 
1 1 0 0 0 0 0 0 0 0 
1 1 0 0 0 0 0 0 0 0 
1 1 0 0 0 0 0 0 0 0 
1 1 0 0 0 0 0 0 0 0 
1 1 0 0 0 0 0 0 0 0 
0 0 0 1 0 0 0 0 0 0 
0 0 1 0 0 1 0 0 0 0 
0 0 1 0 0 1 0 0 0 0 
0 1 0 0 0 0 0 0 0 0 
0 0 0 0 0 1 0 0 0 0 
1 0 0 0 0 0 0 1 0 0 
1 1 0 0 0 0 0 0 0 0 
1 1 0 0 0 0 0 0 0 0 
0 0 0 0 0 1 0 0 1 0 
1 1 0 0 0 0 0 1 0 0 
1 1 0 0 0 0 0 1 0 0 
1 1 0 0 0 0 0 1 0 0 
1 1 0 0 0 0 0 0 0 0 
0 0 1 0 0 1 0 0 1 1 
0 0 0 1 0 0 0 0 0 0 
1 1 0 0 0 0 0 0 0 0 
0 0 0 0 0 1 0 0 0 0 
0 0 0 0 0 1 0 0 0 0 
0 0 0 0 0 1 0 0 1 1 
0 0 0 0 0 1 0 0 1 1 
0 0 0 0 0 1 0 0 1 1 
0 0 0 0 0 1 0 0 1 1 
0 0 0 0 0 1 0 0 1 1 
0 0 0 0 0 1 0 0 1 0 
0 0 0 0 0 1 0 0 1 0 
1 1 0 0 0 0 0 0 0 0 
1 0 0 0 0 0 0 1 0 0 
1 0 0 0 0 0 0 1 0 0 
0 0 0 0 0 1 0 0 1 1 
0 0 0 0 0 1 0 0 1 1 
0 0 0 0 0 1 0 0 1 0 
0 0 1 0 0 1 0 0 0 0 
0 0 0 0 0 1 0 0 1 0 
0 0 0 0 0 1 0 0 1 0 
0 0 0 0 0 1 0 0 1 0 
0 0 0 0 0 1 0 0 1 0 
1 1 0 0 0 0 0 1 0 0 
0 0 0 0 0 1 1 0 1 0 
0 0 0 0 0 1 0 0 1 1 
0 0 0 0 0 1 0 0 1 1 
0 0 0 0 0 1 0 0 1 1 
0 0 0 0 0 1 0 0 1 1 
0 0 1 0 0 0 0 0 0 0 
0 0 0 1 0 0 0 0 0 0 
1 0 0 0 0 0 0 1 0 0 
1 0 0 0 0 0 0 1 0 0 
0 0 0 0 0 1 0 0 1 0 
1 0 0 0 0 0 0 0 0 0 0 0 0 0 0 0 0 0 0 0 0 0 0 0 0 0 0 0 0 0 0 0 0 0 0 0 0 0 0 0 0 0 0 0 0 0 0 0 0 0 0 0 0 0 0 0 0 0 0 0 0 0 0 0 0 0 0 0 0 0 0 0 0 0 0 0 0 0 0 0 0 0 0 0 0 0 0 0 0 0 0 0 0 0 0 0 0 0 0 0 0 0 0 0 
0 1 1 1 0 0 0 0 0 0 0 0 0 0 0 0 0 0 0 0 0 0 0 0 0 0 0 0 0 0 0 0 0 0 0 0 0 0 0 0 0 0 0 0 0 0 0 0 0 0 0 0 0 0 0 0 0 0 0 0 0 0 0 0 0 0 0 0 0 0 0 0 0 0 0 0 0 0 0 0 0 0 0 0 0 0 0 0 0 0 0 0 0 0 0 0 0 0 0 0 0 0 0 0 
0 0 0 0 1 0 0 0 0 0 0 0 0 0 0 0 0 0 0 0 0 0 0 0 0 0 0 0 0 0 0 0 0 0 0 0 0 0 0 0 0 0 0 0 0 0 0 0 0 0 0 0 0 0 0 0 0 0 0 0 0 0 0 0 0 0 0 0 0 0 0 0 0 0 0 0 0 0 0 0 0 0 0 0 0 0 0 0 0 0 0 0 0 0 0 0 0 0 0 0 0 0 0 0 
0 0 0 0 0 1 0 0 0 0 0 0 0 0 0 0 0 0 0 0 0 0 0 0 0 0 0 0 0 0 0 0 0 0 0 0 0 0 0 0 0 0 0 0 0 0 0 0 0 0 0 0 0 0 0 0 0 0 0 0 0 0 0 0 0 0 0 0 0 0 0 0 0 0 0 0 0 0 0 0 0 0 0 0 0 0 0 0 0 0 0 0 0 0 0 0 0 0 0 0 0 0 0 0 
0 0 0 0 0 0 1 0 0 0 0 0 0 0 0 0 0 0 0 0 0 0 0 0 0 0 0 0 0 0 0 0 0 0 0 0 0 0 0 0 0 0 0 0 0 0 0 0 0 0 0 0 0 0 0 0 0 0 0 0 0 0 0 0 0 0 0 0 0 0 0 0 0 0 0 0 0 0 0 0 0 0 0 0 0 0 0 0 0 0 0 0 0 0 0 0 0 0 0 0 0 0 0 0 
0 0 0 0 0 0 0 1 0 0 0 0 0 0 0 0 0 0 0 0 0 0 0 0 0 0 0 0 0 0 0 0 0 0 0 0 0 0 0 0 0 0 0 0 0 0 0 0 0 0 0 0 0 0 0 0 0 0 0 0 0 0 0 0 0 0 0 0 0 0 0 0 0 0 0 0 0 0 0 0 0 0 0 0 0 0 0 0 0 0 0 0 0 0 0 0 0 0 0 0 0 0 0 0 
0 0 0 0 0 0 0 0 1 0 0 0 0 0 0 0 0 0 0 0 0 0 0 0 0 0 0 0 0 0 0 0 0 0 0 0 0 0 0 0 0 0 0 0 0 0 0 0 0 0 0 0 0 0 0 0 0 0 0 0 0 0 0 0 0 0 0 0 0 0 0 0 0 0 0 0 0 0 0 0 0 0 0 0 0 0 0 0 0 0 0 0 0 0 0 0 0 0 0 0 0 0 0 0 
0 0 0 0 0 0 0 0 0 1 0 0 0 0 0 0 0 0 0 0 0 0 0 0 0 0 0 0 0 0 0 0 0 0 0 0 0 0 0 0 0 0 0 0 0 0 0 0 0 0 0 0 0 0 0 0 0 0 0 0 0 0 0 0 0 0 0 0 0 0 0 0 0 0 0 0 0 0 0 0 0 0 0 0 0 0 0 0 0 0 0 0 0 0 0 0 0 0 0 0 0 0 0 0 
0 0 0 0 0 0 0 0 0 0 1 0 0 0 0 0 0 0 0 0 0 0 0 0 0 0 0 0 0 0 0 0 0 0 0 0 0 0 0 0 0 0 0 0 0 0 0 0 0 0 0 0 0 0 0 0 0 0 0 0 0 0 0 0 0 0 0 0 0 0 0 0 0 0 0 0 0 0 0 0 0 0 0 0 0 0 0 0 0 0 0 0 0 0 0 0 0 0 0 0 0 0 0 0 
0 0 0 0 0 0 0 0 0 0 0 1 1 0 0 0 0 0 0 0 0 0 0 0 0 0 0 0 0 0 0 0 0 0 0 0 0 0 0 0 0 0 0 0 0 0 0 0 0 0 0 0 0 0 0 0 0 0 0 0 0 0 0 0 0 0 0 0 0 0 0 0 0 0 0 0 0 0 0 0 0 0 0 0 0 0 0 0 0 0 0 0 0 0 0 0 0 0 0 0 0 0 0 0 
0 0 0 0 0 0 0 0 0 0 0 0 0 1 0 0 0 0 0 0 0 0 0 0 0 0 0 0 0 0 0 0 0 0 0 0 0 0 0 0 0 0 0 0 0 0 0 0 0 0 0 0 0 0 0 0 0 0 0 0 0 0 0 0 0 0 0 0 0 0 0 0 0 0 0 0 0 0 0 0 0 0 0 0 0 0 0 0 0 0 0 0 0 0 0 0 0 0 0 0 0 0 0 0 
0 0 0 0 0 0 0 0 0 0 0 0 0 0 1 1 0 0 0 0 0 0 0 0 0 0 0 0 0 0 0 0 0 0 0 0 0 0 0 0 0 0 0 0 0 0 0 0 0 0 0 0 0 0 0 0 0 0 0 0 0 0 0 0 0 0 0 0 0 0 0 0 0 0 0 0 0 0 0 0 0 0 0 0 0 0 0 0 0 0 0 0 0 0 0 0 0 0 0 0 0 0 0 0 
0 0 0 0 0 0 0 0 0 0 0 0 0 0 0 0 1 0 0 0 0 0 0 0 0 0 0 0 0 0 0 0 0 0 0 0 0 0 0 0 0 0 0 0 0 0 0 0 0 0 0 0 0 0 0 0 0 0 0 0 0 0 0 0 0 0 0 0 0 0 0 0 0 0 0 0 0 0 0 0 0 0 0 0 0 0 0 0 0 0 0 0 0 0 0 0 0 0 0 0 0 0 0 0 
0 0 0 0 0 0 0 0 0 0 0 0 0 0 0 0 0 1 0 0 0 0 0 0 0 0 0 0 0 0 0 0 0 0 0 0 0 0 0 0 0 0 0 0 0 0 0 0 0 0 0 0 0 0 0 0 0 0 0 0 0 0 0 0 0 0 0 0 0 0 0 0 0 0 0 0 0 0 0 0 0 0 0 0 0 0 0 0 0 0 0 0 0 0 0 0 0 0 0 0 0 0 0 0 
0 0 0 0 0 0 0 0 0 0 0 0 0 0 0 0 0 0 1 1 1 1 0 0 0 0 0 0 0 0 0 0 0 0 0 0 0 0 0 0 0 0 0 0 0 0 0 0 0 0 0 0 0 0 0 0 0 0 0 0 0 0 0 0 0 0 0 0 0 0 0 0 0 0 0 0 0 0 0 0 0 0 0 0 0 0 0 0 0 0 0 0 0 0 0 0 0 0 0 0 0 0 0 0 
0 0 0 0 0 0 0 0 0 0 0 0 0 0 0 0 0 0 0 0 0 0 1 0 0 0 0 0 0 0 0 0 0 0 0 0 0 0 0 0 0 0 0 0 0 0 0 0 0 0 0 0 0 0 0 0 0 0 0 0 0 0 0 0 0 0 0 0 0 0 0 0 0 0 0 0 0 0 0 0 0 0 0 0 0 0 0 0 0 0 0 0 0 0 0 0 0 0 0 0 0 0 0 0 
0 0 0 0 0 0 0 0 0 0 0 0 0 0 0 0 0 0 0 0 0 0 0 1 0 0 0 0 0 0 0 0 0 0 0 0 0 0 0 0 0 0 0 0 0 0 0 0 0 0 0 0 0 0 0 0 0 0 0 0 0 0 0 0 0 0 0 0 0 0 0 0 0 0 0 0 0 0 0 0 0 0 0 0 0 0 0 0 0 0 0 0 0 0 0 0 0 0 0 0 0 0 0 0 
0 0 0 0 0 0 0 0 0 0 0 0 0 0 0 0 0 0 1 1 1 1 0 0 0 0 0 0 0 0 0 0 0 0 0 0 0 0 0 0 0 0 0 0 0 0 0 0 0 0 0 0 0 0 0 0 0 0 0 0 0 0 0 0 0 0 0 0 0 0 0 0 0 0 0 0 0 0 0 0 0 0 0 0 0 0 0 0 0 0 0 0 0 0 0 0 0 0 0 0 0 0 0 0 
0 0 0 0 0 0 0 0 0 0 0 0 0 0 0 0 0 0 0 0 0 0 0 0 1 0 0 0 0 0 0 0 0 0 0 0 0 0 0 0 0 0 0 0 0 0 0 0 0 0 0 0 0 0 0 0 0 0 0 0 0 0 0 0 0 0 0 0 0 0 0 0 0 0 0 0 0 0 0 0 0 0 0 0 0 0 0 0 0 0 0 0 0 0 0 0 0 0 0 0 0 0 0 0 
0 0 0 0 0 0 0 0 0 0 0 0 0 0 0 0 0 0 0 0 0 0 0 0 0 1 0 0 0 0 0 0 0 0 0 0 0 0 0 0 0 0 0 0 0 0 0 0 0 0 0 0 0 0 0 0 0 0 0 0 0 0 0 0 0 0 0 0 0 0 0 0 0 0 0 0 0 0 0 0 0 0 0 0 0 0 0 0 0 0 0 0 0 0 0 0 0 0 0 0 0 0 0 0 
0 0 0 0 0 0 0 0 0 0 0 0 0 0 0 0 0 0 0 0 0 0 0 0 0 0 1 0 0 0 0 0 0 0 0 0 0 0 0 0 0 0 0 0 0 0 0 0 0 0 0 0 0 0 0 0 0 0 0 0 0 0 0 0 0 0 0 0 0 0 0 0 0 0 0 0 0 0 0 0 0 0 0 0 0 0 0 0 0 0 0 0 0 0 0 0 0 0 0 0 0 0 0 0 
0 0 0 0 0 0 0 0 0 0 0 0 0 0 0 0 0 0 0 0 0 0 0 0 0 0 0 1 1 0 0 0 0 0 0 0 0 0 0 0 0 0 0 0 0 0 0 0 0 0 0 0 0 0 0 0 0 0 0 0 0 0 0 0 0 0 0 0 0 0 0 0 0 0 0 0 0 0 0 0 0 0 0 0 0 0 0 0 0 0 0 0 0 0 0 0 0 0 0 0 0 0 0 0 
0 0 0 0 0 0 0 0 0 0 0 0 0 0 0 0 0 0 0 0 0 0 0 0 0 0 0 0 0 1 0 0 0 0 0 0 0 0 0 0 0 0 0 0 0 0 0 0 0 0 0 0 0 0 0 0 0 0 0 0 0 0 0 0 0 0 0 0 0 0 0 0 0 0 0 0 0 0 0 0 0 0 0 0 0 0 0 0 0 0 0 0 0 0 0 0 0 0 0 0 0 0 0 0 
0 0 0 0 0 0 0 0 0 0 0 0 0 0 0 0 0 0 0 0 0 0 0 0 0 0 0 0 0 0 1 1 0 0 0 0 0 0 0 0 0 0 0 0 0 0 0 0 0 0 0 0 0 0 0 0 0 0 0 0 0 0 0 0 0 0 0 0 0 0 0 0 0 0 0 0 0 0 0 0 0 0 0 0 0 0 0 0 0 0 0 0 0 0 0 0 0 0 0 0 0 0 0 0 
0 0 0 0 0 0 0 0 0 0 0 0 0 0 0 0 0 0 0 0 0 0 0 0 0 0 0 0 0 0 0 0 1 0 0 0 0 0 0 0 0 0 0 0 0 0 0 0 0 0 0 0 0 0 0 0 0 0 0 0 0 0 0 0 0 0 0 0 0 0 0 0 0 0 0 0 0 0 0 0 0 0 0 0 0 0 0 0 0 0 0 0 0 0 0 0 0 0 0 0 0 0 0 0 
0 0 0 0 0 0 0 0 0 0 0 0 0 0 0 0 0 0 0 0 0 0 0 0 0 0 0 0 0 0 0 0 0 1 0 0 0 0 0 0 0 0 0 0 0 0 0 0 0 0 0 0 0 0 0 0 0 0 0 0 0 0 0 0 0 0 0 0 0 0 0 0 0 0 0 0 0 0 0 0 0 0 0 0 0 0 0 0 0 0 0 0 0 0 0 0 0 0 0 0 0 0 0 0 
0 0 0 0 0 0 0 0 0 0 0 0 0 0 0 0 0 0 0 0 0 0 0 0 0 0 0 0 0 0 0 0 0 0 1 0 0 0 0 0 0 0 0 0 0 0 0 0 0 0 0 0 0 0 0 0 0 0 0 0 0 0 0 0 0 0 0 0 0 0 0 0 0 0 0 0 0 0 0 0 0 0 0 0 0 0 0 0 0 0 0 0 0 0 0 0 0 0 0 0 0 0 0 0 
0 0 0 0 0 0 0 0 0 0 0 0 0 0 0 0 0 0 0 0 0 0 0 0 0 0 0 0 0 0 0 0 0 0 0 1 0 0 0 0 0 0 0 0 0 0 0 0 0 0 0 0 0 0 0 0 0 0 0 0 0 0 0 0 0 0 0 0 0 0 0 0 0 0 0 0 0 0 0 0 0 0 0 0 0 0 0 0 0 0 0 0 0 0 0 0 0 0 0 0 0 0 0 0 
0 0 0 0 0 0 0 0 0 0 0 0 0 0 0 0 0 0 0 0 0 0 0 0 0 0 0 0 0 0 0 0 0 0 0 0 1 0 0 0 0 0 0 0 0 0 0 0 0 0 0 0 0 0 0 0 0 0 0 0 0 0 0 0 0 0 0 0 0 0 0 0 0 0 0 0 0 0 0 0 0 0 0 0 0 0 0 0 0 0 0 0 0 0 0 0 0 0 0 0 0 0 0 0 
0 0 0 0 0 0 0 0 0 0 0 0 0 0 0 0 0 0 0 0 0 0 0 0 0 0 0 0 0 0 0 0 0 0 0 0 0 1 0 0 0 0 0 0 0 0 0 0 0 0 0 0 0 0 0 0 0 0 0 0 0 0 0 0 0 0 0 0 0 0 0 0 0 0 0 0 0 0 0 0 0 0 0 0 0 0 0 0 0 0 0 0 0 0 0 0 0 0 0 0 0 0 0 0 
0 0 0 0 0 0 0 0 0 0 0 0 0 0 0 0 0 0 0 0 0 0 0 0 0 0 0 0 0 0 0 0 0 0 0 0 0 0 1 1 0 0 0 0 0 0 0 0 0 0 0 0 0 0 0 0 0 0 0 0 0 0 0 0 0 0 0 0 0 0 0 0 0 0 0 0 0 0 0 0 0 0 0 0 0 0 0 0 0 0 0 0 0 0 0 0 0 0 0 0 0 0 0 0 
0 0 0 0 0 0 0 0 0 0 0 0 0 0 0 0 0 0 0 0 0 0 0 0 0 0 0 0 0 0 0 0 0 0 0 0 0 0 0 0 1 0 0 0 0 0 0 0 0 0 0 0 0 0 0 0 0 0 0 0 0 0 0 0 0 0 0 0 0 0 0 0 0 0 0 0 0 0 0 0 0 0 0 0 0 0 0 0 0 0 0 0 0 0 0 0 0 0 0 0 0 0 0 0 
0 0 0 0 0 0 0 0 0 0 0 0 0 0 0 0 0 0 0 0 0 0 0 0 0 0 0 0 0 0 0 0 0 0 0 0 0 0 0 0 0 1 0 0 0 0 0 0 0 0 0 0 0 0 0 0 0 0 0 0 0 0 0 0 0 0 0 0 0 0 0 0 0 0 0 0 0 0 0 0 0 0 0 0 0 0 0 0 0 0 0 0 0 0 0 0 0 0 0 0 0 0 0 0 
0 0 0 0 0 0 0 0 0 0 0 0 0 0 0 0 0 0 0 0 0 0 0 0 0 0 0 0 0 0 0 0 0 0 0 0 0 0 0 0 0 0 1 0 0 0 0 0 0 0 0 0 0 0 0 0 0 0 0 0 0 0 0 0 0 0 0 0 0 0 0 0 0 0 0 0 0 0 0 0 0 0 0 0 0 0 0 0 0 0 0 0 0 0 0 0 0 0 0 0 0 0 0 0 
0 0 0 0 0 0 0 0 0 0 0 0 0 0 0 0 0 0 0 0 0 0 0 0 0 0 0 0 0 0 0 0 0 0 0 0 0 0 0 0 0 0 0 1 1 1 1 1 0 0 0 0 0 0 0 0 0 0 0 0 0 0 0 0 0 0 0 0 0 0 0 0 0 0 0 0 0 0 0 0 0 0 0 0 0 0 0 0 0 0 0 0 0 0 0 0 0 0 0 0 0 0 0 0 
0 0 0 0 0 0 0 0 0 0 0 0 0 0 0 0 0 0 0 0 0 0 0 0 0 0 0 0 0 0 0 0 0 0 0 0 0 0 0 0 0 0 0 0 0 0 0 0 1 0 0 0 0 0 0 0 0 0 0 0 0 0 0 0 0 0 0 0 0 0 0 0 0 0 0 0 0 0 0 0 0 0 0 0 0 0 0 0 0 0 0 0 0 0 0 0 0 0 0 0 0 0 0 0 
0 0 0 0 0 0 0 0 0 0 0 0 0 0 0 0 0 0 0 0 0 0 0 0 0 0 0 0 0 0 0 0 0 0 0 0 0 0 0 0 0 0 0 0 0 0 0 0 0 1 1 0 0 0 0 0 0 0 0 0 0 0 0 0 0 0 0 0 0 0 0 0 0 0 0 0 0 0 0 0 0 0 0 0 0 0 0 0 0 0 0 0 0 0 0 0 0 0 0 0 0 0 0 0 
0 0 0 0 0 0 0 0 0 0 0 0 0 0 0 0 0 0 0 0 0 0 0 0 0 0 0 0 0 0 0 0 0 0 0 0 0 0 0 0 0 0 0 0 0 0 0 0 0 0 0 1 0 0 0 0 0 0 0 0 0 0 0 0 0 0 0 0 0 0 0 0 0 0 0 0 0 0 0 0 0 0 0 0 0 0 0 0 0 0 0 0 0 0 0 0 0 0 0 0 0 0 0 0 
0 0 0 0 0 0 0 0 0 0 0 0 0 0 0 0 0 0 0 0 0 0 0 0 0 0 0 0 0 0 0 0 0 0 0 0 0 0 0 0 0 0 0 0 0 0 0 0 0 0 0 0 1 1 1 1 1 0 0 0 0 0 0 0 0 0 0 0 0 0 0 0 0 0 0 0 0 0 0 0 0 0 0 0 0 0 0 0 0 0 0 0 0 0 0 0 0 0 0 0 0 0 0 0 
0 0 0 0 0 0 0 0 0 0 0 0 0 0 0 0 0 0 0 0 0 0 0 0 0 0 0 0 0 0 0 0 0 0 0 0 0 0 1 1 0 0 0 0 0 0 0 0 0 0 0 0 0 0 0 0 0 0 0 0 0 0 0 0 0 0 0 0 0 0 0 0 0 0 0 0 0 0 0 0 0 0 0 0 0 0 0 0 0 0 0 0 0 0 0 0 0 0 0 0 0 0 0 0 
0 0 0 0 0 0 0 0 0 0 0 0 0 0 0 0 0 0 0 0 0 0 0 1 0 0 0 0 0 0 0 0 0 0 0 0 0 0 0 0 0 0 0 0 0 0 0 0 0 0 0 0 0 0 0 0 0 0 0 0 0 0 0 0 0 0 0 0 0 0 0 0 0 0 0 0 0 0 0 0 0 0 0 0 0 0 0 0 0 0 0 0 0 0 0 0 0 0 0 0 0 0 0 0 
0 0 0 0 0 0 0 0 0 0 0 0 0 0 0 0 0 0 0 0 0 0 0 0 0 0 0 0 0 0 0 0 0 0 0 0 0 0 0 0 0 0 0 0 0 0 0 0 0 0 0 0 0 0 0 0 0 1 0 0 0 0 0 0 0 0 0 0 0 0 0 0 0 0 0 0 0 0 0 0 0 0 0 0 0 0 0 0 0 0 0 0 0 0 0 0 0 0 0 0 0 0 0 0 
0 0 0 0 0 0 0 0 0 0 0 0 0 0 0 0 0 0 0 0 0 0 0 0 0 0 0 0 0 0 0 0 0 0 0 0 0 0 0 0 0 0 0 0 0 0 0 0 0 0 0 0 0 0 0 0 0 0 1 1 0 0 0 0 0 0 0 0 0 0 0 0 0 0 0 0 0 0 0 0 0 0 0 0 0 0 0 0 0 0 0 0 0 0 0 0 0 0 0 0 0 0 0 0 
0 0 0 0 0 0 0 0 0 0 0 0 0 0 0 0 0 0 0 0 0 0 0 0 0 0 0 0 0 0 0 0 0 0 0 0 0 0 0 0 0 0 0 0 0 0 0 0 0 0 0 0 0 0 0 0 0 0 0 0 1 0 0 0 0 0 0 0 0 0 0 0 0 0 0 0 0 0 0 0 0 0 0 0 0 0 0 0 0 0 0 0 0 0 0 0 0 0 0 0 0 0 0 0 
0 0 0 0 0 0 0 0 0 0 0 0 0 0 0 0 0 0 0 0 0 0 0 0 0 0 0 0 0 0 0 0 0 0 0 0 0 0 0 0 0 0 0 0 0 0 0 0 0 0 0 0 0 0 0 0 0 0 0 0 0 1 0 0 0 0 0 0 0 0 0 0 0 0 0 0 0 0 0 0 0 0 0 0 0 0 0 0 0 0 0 0 0 0 0 0 0 0 0 0 0 0 0 0 
0 0 0 0 0 0 0 0 0 0 0 0 0 0 0 0 0 0 0 0 0 0 0 0 0 0 0 0 0 0 0 0 0 0 0 1 0 0 0 0 0 0 0 0 0 0 0 0 0 0 0 0 0 0 0 0 0 0 0 0 0 0 0 0 0 0 0 0 0 0 0 0 0 0 0 0 0 0 0 0 0 0 0 0 0 0 0 0 0 0 0 0 0 0 0 0 0 0 0 0 0 0 0 0 
0 0 0 0 0 0 0 0 0 0 0 0 0 0 0 0 0 0 0 0 0 0 0 0 0 0 0 0 0 0 0 0 0 0 0 0 0 0 0 0 0 0 0 0 0 0 0 0 0 0 0 0 0 0 0 0 0 0 0 0 0 0 1 0 0 0 0 0 0 0 0 0 0 0 0 0 0 0 0 0 0 0 0 0 0 0 0 0 0 0 0 0 0 0 0 0 0 0 0 0 0 0 0 0 
0 0 0 0 0 0 0 0 0 0 0 0 0 0 0 0 0 0 0 0 0 0 0 0 0 0 0 0 0 0 0 0 0 0 0 0 0 0 0 0 0 0 0 0 0 0 0 0 0 0 0 0 0 0 0 0 0 0 0 0 0 0 0 1 1 0 0 0 0 0 0 0 0 0 0 0 0 0 0 0 0 0 0 0 0 0 0 0 0 0 0 0 0 0 0 0 0 0 0 0 0 0 0 0 
0 0 0 0 0 0 0 0 0 0 0 0 0 0 0 0 0 0 0 0 0 0 0 0 0 0 0 0 0 0 0 0 0 0 0 0 0 0 0 0 0 0 0 0 0 0 0 0 0 0 0 0 0 0 0 0 0 0 0 0 0 0 0 0 0 1 0 0 0 0 0 0 0 0 0 0 0 0 0 0 0 0 0 0 0 0 0 0 0 0 0 0 0 0 0 0 0 0 0 0 0 0 0 0 
0 0 0 0 0 0 0 0 0 0 0 0 0 0 0 0 0 0 0 0 0 0 0 0 0 0 0 0 0 0 0 0 0 0 0 0 0 0 0 0 0 0 0 0 0 0 0 0 0 0 0 0 0 0 0 0 0 0 0 0 0 0 0 0 0 0 1 1 1 0 0 0 0 0 0 0 0 0 0 0 0 0 0 0 0 0 0 0 0 0 0 0 0 0 0 0 0 0 0 0 0 0 0 0 
0 0 0 0 0 0 0 0 0 0 0 0 0 0 0 0 0 0 0 0 0 0 0 0 0 0 0 0 0 0 0 0 0 0 0 0 0 0 0 0 0 0 0 0 0 0 0 0 0 0 0 0 0 0 0 0 0 0 0 0 0 0 0 0 0 0 0 0 0 1 0 0 0 0 0 0 0 0 0 0 0 0 0 0 0 0 0 0 0 0 0 0 0 0 0 0 0 0 0 0 0 0 0 0 
0 0 0 0 0 0 0 0 0 0 0 0 0 0 0 0 0 0 0 0 0 0 0 0 0 0 0 0 0 0 0 0 0 0 0 0 0 0 0 0 0 0 0 0 0 0 0 0 0 0 0 0 0 0 0 0 0 0 0 0 0 0 0 0 0 0 0 0 0 0 1 0 0 0 0 0 0 0 0 0 0 0 0 0 0 0 0 0 0 0 0 0 0 0 0 0 0 0 0 0 0 0 0 0 
0 0 0 0 0 0 0 0 0 0 0 0 0 0 0 0 0 0 0 0 0 0 0 0 0 0 0 0 0 0 0 0 0 0 0 0 0 0 0 0 0 0 0 0 0 0 0 0 0 0 0 0 0 0 0 0 0 0 0 0 0 0 0 0 0 0 0 0 0 0 0 1 0 0 0 0 0 0 0 0 0 0 0 0 0 0 0 0 0 0 0 0 0 0 0 0 0 0 0 0 0 0 0 0 
0 0 0 0 0 0 0 0 0 0 0 0 0 0 0 0 0 0 0 0 0 0 0 0 0 0 0 0 0 0 0 0 0 0 0 0 0 0 0 0 0 0 0 0 0 0 0 0 0 0 0 0 0 0 0 0 0 0 0 0 0 0 0 0 0 0 0 0 0 0 0 0 1 0 0 0 0 0 0 0 0 0 0 0 0 0 0 0 0 0 0 0 0 0 0 0 0 0 0 0 0 0 0 0 
0 0 0 0 0 0 0 0 0 0 0 0 0 0 0 0 0 0 0 0 0 0 0 0 0 0 0 0 0 0 0 0 0 0 0 0 0 0 0 0 0 0 0 0 0 0 0 0 0 0 0 0 0 0 0 0 0 0 0 0 0 0 0 0 0 0 0 0 0 0 0 0 0 1 0 0 0 0 0 0 0 0 0 0 0 0 0 0 0 0 0 0 0 0 0 0 0 0 0 0 0 0 0 0 
0 0 0 0 0 0 0 0 0 0 0 0 0 0 0 0 0 0 0 0 0 0 0 0 0 0 0 0 0 0 0 0 0 0 0 0 0 0 0 0 0 0 0 0 0 0 0 0 0 0 0 0 0 0 0 0 0 0 0 0 0 0 0 0 0 0 0 0 0 0 0 0 0 0 1 0 0 0 0 0 0 0 0 0 0 0 0 0 0 0 0 0 0 0 0 0 0 0 0 0 0 0 0 0 
0 0 0 0 0 0 0 0 0 0 0 0 0 0 0 0 0 0 0 0 0 0 0 0 0 0 0 0 0 0 0 0 0 0 0 0 0 0 0 0 0 0 0 0 0 0 0 0 0 0 0 0 0 0 0 0 0 0 0 0 0 0 0 0 0 0 0 0 0 0 0 0 0 0 0 1 1 1 1 1 0 0 0 0 0 0 0 0 0 0 0 0 0 0 0 0 0 0 0 0 0 0 0 0 
0 0 0 0 0 0 0 0 0 0 0 0 0 0 0 0 0 0 0 0 0 0 0 0 0 0 0 0 0 0 0 0 0 0 0 0 0 0 0 0 0 0 0 0 0 0 0 0 0 0 0 0 0 0 0 0 0 0 0 0 0 0 0 0 0 0 0 0 0 0 0 0 0 0 0 0 0 0 0 0 1 0 0 0 0 0 0 0 0 0 0 0 0 0 0 0 0 0 0 0 0 0 0 0 
0 0 0 0 0 0 0 0 0 0 0 0 0 0 0 0 0 0 0 0 0 0 0 0 0 0 0 0 0 0 0 0 0 0 0 0 0 0 0 0 0 0 0 0 0 0 0 0 0 0 0 0 0 0 0 0 0 0 0 0 0 0 0 0 0 0 0 0 0 0 0 0 0 0 0 0 0 0 0 0 0 1 0 0 0 0 0 0 0 0 0 0 0 0 0 0 0 0 0 0 0 0 0 0 
0 0 0 0 0 0 0 0 0 0 0 0 0 0 0 0 0 0 0 0 0 0 0 0 0 0 0 0 0 0 0 0 0 0 0 0 0 0 0 0 0 0 0 0 0 0 0 0 0 0 0 0 0 0 0 0 0 0 0 0 0 0 0 0 0 0 0 0 0 0 0 0 0 0 0 0 0 0 0 0 0 0 1 0 0 0 0 0 0 0 0 0 0 0 0 0 0 0 0 0 0 0 0 0 
0 0 0 0 0 0 0 0 0 0 0 0 0 0 0 0 0 0 0 0 0 0 0 0 0 0 0 0 0 0 0 0 0 0 0 0 0 0 0 0 0 0 0 0 0 0 0 0 0 0 0 0 0 0 0 0 0 0 0 0 0 0 0 0 0 0 0 0 0 0 0 0 0 0 0 0 0 0 0 0 0 0 0 1 1 0 0 0 0 0 0 0 0 0 0 0 0 0 0 0 0 0 0 0 
0 0 0 0 0 0 0 0 0 0 0 0 0 0 0 0 0 0 0 0 0 0 0 0 0 0 0 0 0 0 0 0 0 0 0 0 0 0 0 0 0 0 0 0 0 0 0 0 0 0 0 0 0 0 0 0 0 0 0 0 0 0 0 0 0 0 0 0 0 0 0 0 0 0 0 0 0 0 0 0 0 0 0 0 0 1 1 0 0 0 0 0 0 0 0 0 0 0 0 0 0 0 0 0 
0 0 0 0 0 0 0 0 0 0 0 0 0 0 0 0 0 0 0 0 0 0 0 1 0 0 0 0 0 0 0 0 0 0 0 0 0 0 0 0 0 0 0 0 0 0 0 0 0 0 0 0 0 0 0 0 0 0 0 0 0 0 0 0 0 0 0 0 0 0 0 0 0 0 0 0 0 0 0 0 0 0 0 0 0 0 0 0 0 0 0 0 0 0 0 0 0 0 0 0 0 0 0 0 
0 0 0 0 0 0 0 0 0 0 0 0 0 0 0 0 0 0 0 0 0 0 0 0 0 0 0 0 0 0 0 0 0 0 0 0 0 0 0 0 0 0 0 0 0 0 0 0 0 0 0 0 0 0 0 0 0 0 0 0 0 0 0 0 0 0 0 0 0 0 0 0 0 0 0 0 0 0 0 0 0 0 0 0 0 0 0 1 0 0 0 0 0 0 0 0 0 0 0 0 0 0 0 0 
0 0 0 0 0 0 0 0 0 0 0 0 0 0 0 0 0 0 0 0 0 0 0 0 0 0 0 0 0 0 0 0 0 0 0 0 0 0 0 0 0 0 0 0 0 0 0 0 0 0 0 0 0 0 0 0 0 0 0 0 0 0 0 0 0 0 0 0 0 0 0 0 0 0 0 0 0 0 0 0 0 0 0 0 0 0 0 0 1 0 0 0 0 0 0 0 0 0 0 0 0 0 0 0 
0 0 0 0 0 0 0 0 0 0 0 0 0 0 0 0 0 0 0 0 0 0 0 0 0 0 0 0 0 0 0 0 0 0 0 0 0 0 0 0 0 0 0 0 0 0 0 0 0 0 0 0 0 0 0 0 0 0 0 0 0 0 0 0 0 0 0 0 0 0 0 0 0 0 0 0 0 0 0 0 0 0 0 0 0 0 0 0 0 1 0 0 0 0 0 0 0 0 0 0 0 0 0 0 
0 0 0 0 0 0 0 0 0 0 0 0 0 0 0 0 0 0 0 0 0 0 0 0 0 0 0 0 0 0 0 0 0 0 0 0 0 0 0 0 0 0 0 0 0 0 0 0 0 0 0 0 0 0 0 0 0 0 0 0 0 0 0 0 0 0 0 0 0 0 0 0 0 0 0 0 0 0 0 0 0 0 0 0 0 0 0 0 0 0 1 0 0 0 0 0 0 0 0 0 0 0 0 0 
0 0 0 0 0 0 0 0 0 0 0 0 0 0 0 0 0 0 0 0 0 0 0 0 0 0 0 0 0 0 0 0 0 0 0 0 0 0 0 0 0 0 0 0 0 0 0 0 0 0 0 0 0 0 0 0 0 1 0 0 0 0 0 0 0 0 0 0 0 0 0 0 0 0 0 0 0 0 0 0 0 0 0 0 0 0 0 0 0 0 0 0 0 0 0 0 0 0 0 0 0 0 0 0 
0 0 0 0 0 0 0 0 0 0 0 0 0 0 0 0 0 0 0 0 0 0 0 0 0 0 0 0 0 0 0 0 0 0 0 0 0 0 0 0 0 0 0 0 0 0 0 0 0 0 0 0 0 0 0 0 0 0 0 0 0 0 0 0 0 0 0 0 0 0 0 0 0 0 0 0 0 0 0 0 0 0 0 0 0 0 0 0 0 0 0 1 1 0 0 0 0 0 0 0 0 0 0 0 
0 0 0 0 0 0 0 0 0 0 0 0 0 0 0 0 0 0 0 0 0 0 0 0 0 0 0 0 0 0 0 0 0 0 0 0 0 0 0 0 1 0 0 0 0 0 0 0 0 0 0 0 0 0 0 0 0 0 0 0 0 0 0 0 0 0 0 0 0 0 0 0 0 0 0 0 0 0 0 0 0 0 0 0 0 0 0 0 0 0 0 0 0 0 0 0 0 0 0 0 0 0 0 0 
0 0 0 0 0 0 0 0 0 0 0 0 0 0 0 0 0 0 0 0 0 0 0 0 0 0 0 0 0 0 0 0 0 0 0 0 0 0 0 0 0 0 0 0 0 0 0 0 0 0 0 0 0 0 0 0 0 0 0 0 0 0 0 0 0 0 0 0 0 0 0 0 0 0 0 0 0 0 0 0 0 0 0 0 0 0 0 0 0 0 0 0 0 1 0 0 0 0 0 0 0 0 0 0 
0 0 0 0 0 0 0 0 0 0 0 1 1 0 0 0 0 0 0 0 0 0 0 0 0 0 0 0 0 0 0 0 0 0 0 0 0 0 0 0 0 0 0 0 0 0 0 0 0 0 0 0 0 0 0 0 0 0 0 0 0 0 0 0 0 0 0 0 0 0 0 0 0 0 0 0 0 0 0 0 0 0 0 0 0 0 0 0 0 0 0 0 0 0 0 0 0 0 0 0 0 0 0 0 
0 0 0 0 0 0 0 0 0 0 0 0 0 0 0 0 0 0 0 0 0 0 0 0 0 0 0 0 0 0 0 0 0 0 0 0 0 0 0 0 0 0 0 0 0 0 0 0 0 0 0 0 0 0 0 0 0 0 0 0 0 0 0 0 0 0 0 0 0 0 0 0 0 0 0 0 0 0 0 0 0 0 0 0 0 0 0 0 0 0 0 0 0 0 1 0 0 0 0 0 0 0 0 0 
0 0 0 0 0 0 0 0 0 0 0 0 0 0 0 0 0 0 0 0 0 0 0 0 0 0 0 0 0 0 0 0 0 0 0 0 0 0 0 0 0 0 0 0 0 0 0 0 0 0 0 0 0 0 0 0 0 0 0 0 0 0 0 0 0 0 0 0 0 0 0 0 0 0 0 0 0 0 0 0 0 0 0 0 0 0 0 0 0 0 0 0 0 0 0 1 1 1 1 0 0 0 0 0 
0 0 0 0 0 0 0 0 0 0 0 0 0 0 0 0 0 0 0 0 0 0 0 0 0 0 0 0 0 0 0 0 0 0 0 0 0 0 0 0 0 0 0 0 0 0 0 0 0 0 0 0 0 0 0 0 0 0 0 0 0 0 0 0 0 0 0 0 0 0 0 0 0 0 0 0 0 0 0 0 0 0 0 0 0 0 0 0 0 0 0 0 0 0 0 0 0 0 0 1 0 0 0 0 
0 0 0 0 0 0 0 0 0 0 0 0 0 0 0 0 0 0 0 0 0 0 0 0 0 0 0 0 0 0 0 0 0 0 1 0 0 0 0 0 0 0 0 0 0 0 0 0 0 0 0 0 0 0 0 0 0 0 0 0 0 0 0 0 0 0 0 0 0 0 0 0 0 0 0 0 0 0 0 0 0 0 0 0 0 0 0 0 0 0 0 0 0 0 0 0 0 0 0 0 0 0 0 0 
0 0 0 0 0 0 0 0 0 0 0 0 0 0 0 0 0 0 0 0 0 0 0 0 0 0 0 0 0 0 0 0 0 0 0 0 0 0 0 0 0 0 0 0 0 0 0 0 0 0 0 0 0 0 0 0 0 0 0 0 0 0 0 0 0 0 0 0 0 0 0 0 0 0 0 0 0 0 0 0 0 0 0 0 0 0 0 0 0 0 0 0 0 0 0 0 0 0 0 0 1 0 0 0 
0 0 0 0 0 0 0 0 0 0 0 0 0 0 0 0 0 0 0 0 0 0 0 0 0 0 0 0 0 0 0 0 0 0 0 0 0 0 0 0 0 0 0 0 0 0 0 0 0 0 0 0 0 0 0 0 0 0 0 0 0 0 0 0 0 0 0 0 0 0 0 0 0 0 0 0 0 0 0 0 0 0 0 0 0 0 0 0 0 0 0 0 0 0 0 0 0 0 0 0 0 1 0 0 
0 0 0 0 0 0 0 0 0 0 0 0 0 0 0 0 0 0 0 0 0 0 0 0 0 0 0 0 0 0 0 0 0 0 0 0 0 0 0 0 0 0 0 0 0 0 0 0 0 0 0 0 0 0 0 0 0 0 0 0 0 0 0 0 0 0 0 0 0 0 0 0 0 0 0 0 0 0 0 0 0 0 0 0 0 0 0 0 0 0 0 0 0 0 0 0 0 0 0 0 0 0 1 0 
0 0 0 0 0 0 0 0 0 0 0 0 0 0 0 0 0 0 0 0 0 0 0 0 0 0 0 0 0 0 0 0 0 0 0 0 0 0 0 0 0 0 0 0 0 0 0 0 0 0 0 0 0 0 0 0 0 0 0 0 0 0 0 0 0 0 0 0 0 0 0 0 0 0 0 0 0 0 0 0 0 0 0 0 0 0 0 0 0 0 0 0 0 0 0 0 0 0 0 0 0 0 0 1 
78 54 40 42 46 66 34 10 36 20 