10
50
14
76
86400
0.1
0.009411764705882354 0.005 0.0075630252100840345 0.010329985652797705 0.0058823529411764705 0.0075630252100840345 0.007407407407407408 0.011145510835913313 0.003444976076555024 0.003773584905660377 0.0044444444444444444 0.003773584905660377 0.011250000000000001 0.011145510835913313 0.009625668449197862 0.007407407407407408 0.01142857142857143 0.0033333333333333335 0.009523809523809525 0.007058823529411766 0.0058823529411764705 0.007200000000000001 0.0028492283339928773 0.0027067669172932333 0.010588235294117647 0.01 0.006153846153846155 0.0027067669172932333 0.0027067669172932333 0.008510638297872342 0.005970149253731343 0.0021052631578947372 0.0075630252100840345 0.009375 0.01 0.01 0.003789473684210526 0.0075630252100840345 0.005633802816901409 0.0021052631578947372 0.0075630252100840345 0.0020966802562609205 0.0075630252100840345 0.003773584905660377 0.005 0.003773584905660377 0.005333333333333334 0.0033898305084745766 0.005970149253731343 0.009207161125319694 
56.47058823529412 30 45.378151260504204 61.979913916786224 35.29411764705882 45.378151260504204 44.44444444444444 66.87306501547988 20.66985645933014 22.64150943396226 26.666666666666664 22.64150943396226 67.5 66.87306501547988 57.75401069518717 44.44444444444444 68.57142857142857 20 57.142857142857146 42.35294117647059 35.29411764705882 43.199999999999996 17.095370003957264 16.240601503759397 63.52941176470588 60 36.92307692307692 16.240601503759397 16.240601503759397 51.06382978723405 35.82089552238806 12.631578947368421 45.378151260504204 56.25 60 60 22.736842105263154 45.378151260504204 33.80281690140845 12.631578947368421 45.378151260504204 12.58008153756552 45.378151260504204 22.64150943396226 30 22.64150943396226 32 20.338983050847457 35.82089552238806 55.24296675191816 
94.11764705882354 50 75.63025210084034 103.29985652797704 58.8235294117647 75.63025210084034 74.07407407407408 111.45510835913313 34.44976076555024 37.73584905660377 44.44444444444444 37.73584905660377 112.5 111.45510835913313 96.25668449197862 74.07407407407408 114.28571428571429 33.333333333333336 95.23809523809524 70.58823529411765 58.8235294117647 72 28.492283339928772 27.06766917293233 105.88235294117646 100 61.53846153846154 27.06766917293233 27.06766917293233 85.10638297872342 59.701492537313435 21.05263157894737 75.63025210084034 93.75 100 100 37.89473684210526 75.63025210084034 56.33802816901409 21.05263157894737 75.63025210084034 20.966802562609203 75.63025210084034 37.73584905660377 50 37.73584905660377 53.333333333333336 33.898305084745765 59.701492537313435 92.07161125319693 
0 10800 86400 10800 10800 10800 10800 10800 10800 10800 10800 10800 10800 10800 10800 10800 10800 10800 10800 10800 10800 10800 10800 10800 10800 10800 10800 10800 10800 10800 10800 86400 10800 10800 10800 10800 10800 10800 10800 10800 86400 10800 10800 10800 10800 10800 10800 10800 86400 10800 
10800 0 86400 10800 10800 10800 10800 10800 10800 10800 10800 10800 10800 10800 10800 10800 10800 10800 10800 10800 10800 10800 10800 10800 10800 10800 10800 10800 10800 10800 10800 86400 10800 10800 10800 10800 10800 10800 10800 10800 86400 10800 10800 10800 10800 10800 10800 10800 86400 10800 
10800 10800 0 10800 10800 10800 10800 10800 10800 10800 10800 10800 10800 10800 10800 10800 10800 10800 10800 10800 10800 10800 10800 10800 10800 10800 10800 10800 10800 10800 10800 86400 10800 10800 10800 10800 10800 10800 10800 10800 86400 10800 10800 10800 10800 10800 10800 10800 86400 10800 
10800 10800 86400 0 10800 10800 10800 10800 10800 10800 10800 10800 10800 10800 10800 10800 10800 10800 10800 10800 10800 10800 10800 10800 10800 10800 10800 10800 10800 10800 10800 86400 10800 10800 10800 10800 10800 10800 10800 10800 86400 10800 10800 10800 10800 10800 10800 10800 86400 10800 
10800 10800 86400 10800 0 10800 10800 10800 10800 10800 10800 10800 10800 10800 10800 10800 10800 10800 10800 10800 10800 10800 10800 10800 10800 10800 10800 10800 10800 10800 10800 86400 10800 10800 10800 10800 10800 10800 10800 10800 86400 10800 10800 10800 10800 10800 10800 10800 86400 10800 
10800 10800 86400 10800 10800 0 10800 10800 10800 10800 10800 10800 10800 10800 10800 10800 10800 10800 10800 10800 10800 10800 10800 10800 10800 10800 10800 10800 10800 10800 10800 86400 10800 10800 10800 10800 10800 10800 10800 10800 86400 10800 10800 10800 10800 10800 10800 10800 86400 10800 
10800 10800 86400 10800 10800 10800 0 10800 10800 10800 10800 10800 10800 10800 10800 10800 10800 10800 10800 10800 10800 10800 10800 10800 10800 10800 10800 10800 10800 10800 10800 86400 10800 10800 10800 10800 10800 10800 10800 10800 86400 10800 10800 10800 10800 10800 10800 10800 86400 10800 
10800 10800 86400 10800 10800 10800 10800 0 10800 10800 10800 10800 10800 10800 10800 10800 10800 10800 10800 10800 10800 10800 10800 10800 10800 10800 10800 10800 10800 10800 10800 86400 10800 10800 10800 10800 10800 10800 10800 10800 86400 10800 10800 10800 10800 10800 10800 10800 86400 10800 
10800 10800 86400 10800 10800 10800 10800 10800 0 10800 10800 10800 10800 10800 10800 10800 10800 10800 10800 10800 10800 10800 10800 10800 10800 10800 10800 10800 10800 10800 10800 86400 10800 10800 10800 10800 10800 10800 10800 10800 86400 10800 10800 10800 10800 10800 10800 10800 86400 10800 
10800 10800 86400 10800 10800 10800 10800 10800 10800 0 10800 10800 10800 10800 10800 10800 10800 10800 10800 10800 10800 10800 10800 10800 10800 10800 10800 10800 10800 10800 10800 86400 10800 10800 10800 10800 10800 10800 10800 10800 86400 10800 10800 10800 10800 10800 10800 10800 86400 10800 
10800 10800 86400 10800 10800 10800 10800 10800 10800 10800 0 10800 10800 10800 10800 10800 10800 10800 10800 10800 10800 10800 10800 10800 10800 10800 10800 10800 10800 10800 10800 86400 10800 10800 10800 10800 10800 10800 10800 10800 86400 10800 10800 10800 10800 10800 10800 10800 86400 10800 
10800 10800 86400 10800 10800 10800 10800 10800 10800 10800 10800 0 10800 10800 10800 10800 10800 10800 10800 10800 10800 10800 10800 10800 10800 10800 10800 10800 10800 10800 10800 86400 10800 10800 10800 10800 10800 10800 10800 10800 86400 10800 10800 10800 10800 10800 10800 10800 86400 10800 
10800 10800 86400 10800 10800 10800 10800 10800 10800 10800 10800 10800 0 10800 10800 10800 10800 10800 10800 10800 10800 10800 10800 10800 10800 10800 10800 10800 10800 10800 10800 86400 10800 10800 10800 10800 10800 10800 10800 10800 86400 10800 10800 10800 10800 10800 10800 10800 86400 10800 
10800 10800 86400 10800 10800 10800 10800 10800 10800 10800 10800 10800 10800 0 10800 10800 10800 10800 10800 10800 10800 10800 10800 10800 10800 10800 10800 10800 10800 10800 10800 86400 10800 10800 10800 10800 10800 10800 10800 10800 86400 10800 10800 10800 10800 10800 10800 10800 86400 10800 
10800 10800 86400 10800 10800 10800 10800 10800 10800 10800 10800 10800 10800 10800 0 10800 10800 10800 10800 10800 10800 10800 10800 10800 10800 10800 10800 10800 10800 10800 10800 86400 10800 10800 10800 10800 10800 10800 10800 10800 86400 10800 10800 10800 10800 10800 10800 10800 86400 10800 
10800 10800 86400 10800 10800 10800 10800 10800 10800 10800 10800 10800 10800 10800 10800 0 10800 10800 10800 10800 10800 10800 10800 10800 10800 10800 10800 10800 10800 10800 10800 86400 10800 10800 10800 10800 10800 10800 10800 10800 86400 10800 10800 10800 10800 10800 10800 10800 86400 10800 
10800 10800 86400 10800 10800 10800 10800 10800 10800 10800 10800 10800 10800 10800 10800 10800 0 10800 10800 10800 10800 10800 10800 10800 10800 10800 10800 10800 10800 10800 10800 86400 10800 10800 10800 10800 10800 10800 10800 10800 86400 10800 10800 10800 10800 10800 10800 10800 86400 10800 
10800 10800 86400 10800 10800 10800 10800 10800 10800 10800 10800 10800 10800 10800 10800 10800 10800 0 10800 10800 10800 10800 10800 10800 10800 10800 10800 10800 10800 10800 10800 86400 10800 10800 10800 10800 10800 10800 10800 10800 86400 10800 10800 10800 10800 10800 10800 10800 86400 10800 
10800 10800 10800 10800 10800 10800 10800 10800 10800 10800 10800 10800 10800 10800 10800 10800 10800 10800 0 10800 10800 10800 10800 10800 10800 10800 10800 10800 10800 10800 10800 10800 10800 10800 10800 10800 10800 10800 10800 10800 10800 10800 10800 10800 10800 10800 10800 10800 10800 10800 
10800 10800 86400 10800 10800 10800 10800 10800 10800 10800 10800 10800 10800 10800 10800 10800 10800 10800 10800 0 10800 10800 10800 10800 10800 10800 10800 10800 10800 10800 10800 86400 10800 10800 10800 10800 10800 10800 10800 10800 86400 10800 10800 10800 10800 10800 10800 10800 86400 10800 
10800 10800 86400 10800 10800 10800 10800 10800 10800 10800 10800 10800 10800 10800 10800 10800 10800 10800 10800 10800 0 10800 10800 10800 10800 10800 10800 10800 10800 10800 10800 86400 10800 10800 10800 10800 10800 10800 10800 10800 86400 10800 10800 10800 10800 10800 10800 10800 86400 10800 
10800 10800 86400 10800 10800 10800 10800 10800 10800 10800 10800 10800 10800 10800 10800 10800 10800 10800 10800 10800 10800 0 10800 10800 10800 10800 10800 10800 10800 10800 10800 86400 10800 10800 10800 10800 10800 10800 10800 10800 86400 10800 10800 10800 10800 10800 10800 10800 86400 10800 
10800 10800 86400 10800 10800 10800 10800 10800 10800 10800 10800 10800 10800 10800 10800 10800 10800 10800 10800 10800 10800 10800 0 10800 10800 10800 10800 10800 10800 10800 10800 86400 10800 10800 10800 10800 10800 10800 10800 10800 86400 10800 10800 10800 10800 10800 10800 10800 86400 10800 
10800 10800 86400 10800 10800 10800 10800 10800 10800 10800 10800 10800 10800 10800 10800 10800 10800 10800 10800 10800 10800 10800 10800 0 10800 10800 10800 10800 10800 10800 10800 86400 10800 10800 10800 10800 10800 10800 10800 10800 86400 10800 10800 10800 10800 10800 10800 10800 86400 10800 
10800 10800 86400 10800 10800 10800 10800 10800 10800 10800 10800 10800 10800 10800 10800 10800 10800 10800 10800 10800 10800 10800 10800 10800 0 10800 10800 10800 10800 10800 10800 86400 10800 10800 10800 10800 10800 10800 10800 10800 86400 10800 10800 10800 10800 10800 10800 10800 86400 10800 
10800 10800 86400 10800 10800 10800 10800 10800 10800 10800 10800 10800 10800 10800 10800 10800 10800 10800 10800 10800 10800 10800 10800 10800 10800 0 10800 10800 10800 10800 10800 86400 10800 10800 10800 10800 10800 10800 10800 10800 86400 10800 10800 10800 10800 10800 10800 10800 86400 10800 
10800 10800 86400 10800 10800 10800 10800 10800 10800 10800 10800 10800 10800 10800 10800 10800 10800 10800 10800 10800 10800 10800 10800 10800 10800 10800 0 10800 10800 10800 10800 86400 10800 10800 10800 10800 10800 10800 10800 10800 86400 10800 10800 10800 10800 10800 10800 10800 86400 10800 
10800 10800 86400 10800 10800 10800 10800 10800 10800 10800 10800 10800 10800 10800 10800 10800 10800 10800 10800 10800 10800 10800 10800 10800 10800 10800 10800 0 18000 10800 10800 86400 10800 10800 10800 10800 10800 10800 10800 10800 86400 10800 10800 10800 10800 10800 10800 10800 86400 10800 
10800 10800 86400 10800 10800 10800 10800 10800 10800 10800 10800 10800 10800 10800 10800 10800 10800 10800 10800 10800 10800 10800 10800 10800 10800 10800 10800 18000 0 10800 10800 86400 10800 10800 10800 10800 10800 10800 10800 10800 86400 10800 10800 10800 10800 10800 10800 10800 86400 10800 
10800 10800 86400 10800 10800 10800 10800 10800 10800 10800 10800 10800 10800 10800 10800 10800 10800 10800 10800 10800 10800 10800 10800 10800 10800 10800 10800 10800 10800 0 10800 86400 10800 10800 10800 10800 10800 10800 10800 10800 86400 10800 10800 10800 10800 10800 10800 10800 86400 10800 
10800 10800 86400 10800 10800 10800 10800 10800 10800 10800 10800 10800 10800 10800 10800 10800 10800 10800 10800 10800 10800 10800 10800 10800 10800 10800 10800 10800 10800 10800 0 86400 10800 10800 10800 10800 10800 10800 10800 10800 86400 10800 10800 10800 10800 10800 10800 10800 86400 10800 
10800 10800 86400 10800 10800 10800 10800 10800 10800 10800 10800 10800 10800 10800 10800 10800 10800 10800 10800 10800 10800 10800 10800 10800 10800 10800 10800 10800 10800 10800 10800 0 10800 10800 10800 10800 10800 10800 10800 10800 86400 10800 10800 10800 10800 10800 10800 10800 86400 10800 
10800 10800 86400 10800 10800 10800 10800 10800 10800 10800 10800 10800 10800 10800 10800 10800 10800 10800 10800 10800 10800 10800 10800 10800 10800 10800 10800 10800 10800 10800 10800 86400 0 10800 10800 10800 10800 10800 10800 10800 86400 10800 10800 10800 10800 10800 10800 10800 86400 10800 
10800 10800 86400 10800 10800 10800 10800 10800 10800 10800 10800 10800 10800 10800 10800 10800 10800 10800 10800 10800 10800 10800 10800 10800 10800 10800 10800 10800 10800 10800 10800 86400 10800 0 10800 10800 10800 10800 10800 10800 86400 10800 10800 10800 10800 10800 10800 10800 86400 10800 
10800 10800 86400 10800 10800 10800 10800 10800 10800 10800 10800 10800 10800 10800 10800 10800 10800 10800 10800 10800 10800 10800 10800 10800 10800 10800 10800 10800 10800 10800 10800 86400 10800 10800 0 10800 10800 10800 10800 10800 86400 10800 10800 10800 10800 10800 10800 10800 86400 10800 
10800 10800 10800 10800 10800 10800 10800 10800 10800 10800 10800 10800 10800 10800 10800 10800 10800 10800 10800 10800 10800 10800 10800 10800 10800 10800 10800 10800 10800 10800 10800 10800 10800 10800 10800 0 10800 10800 10800 10800 10800 10800 10800 10800 10800 10800 10800 10800 10800 10800 
10800 10800 86400 10800 10800 10800 10800 10800 10800 10800 10800 10800 10800 10800 10800 10800 10800 10800 10800 10800 10800 10800 10800 10800 10800 10800 10800 10800 10800 10800 10800 86400 10800 10800 10800 10800 0 10800 10800 10800 86400 10800 10800 10800 10800 10800 10800 10800 86400 10800 
10800 10800 86400 10800 10800 10800 10800 10800 10800 10800 10800 10800 10800 10800 10800 10800 10800 10800 10800 10800 10800 10800 10800 10800 10800 10800 10800 10800 10800 10800 10800 86400 10800 10800 10800 10800 10800 0 10800 10800 86400 10800 10800 10800 10800 10800 10800 10800 86400 10800 
10800 10800 86400 10800 10800 10800 10800 10800 10800 10800 10800 10800 10800 10800 10800 10800 10800 10800 10800 10800 10800 10800 10800 10800 10800 10800 10800 10800 10800 10800 10800 86400 10800 10800 10800 10800 10800 10800 0 10800 86400 10800 10800 10800 10800 10800 10800 10800 86400 10800 
10800 10800 86400 10800 10800 10800 10800 10800 10800 10800 10800 10800 10800 10800 10800 10800 10800 10800 10800 10800 10800 10800 10800 10800 10800 10800 10800 10800 10800 10800 10800 86400 10800 10800 10800 10800 10800 10800 10800 0 86400 10800 10800 10800 10800 10800 10800 10800 86400 10800 
10800 10800 86400 10800 10800 10800 10800 10800 10800 10800 10800 10800 10800 10800 10800 10800 10800 10800 10800 10800 10800 10800 10800 10800 10800 10800 10800 10800 10800 10800 10800 86400 10800 10800 10800 10800 10800 10800 10800 10800 0 10800 3600 10800 10800 10800 10800 10800 86400 10800 
10800 10800 86400 10800 10800 10800 10800 10800 10800 10800 10800 10800 10800 10800 10800 10800 10800 10800 10800 10800 10800 10800 10800 10800 10800 10800 10800 10800 10800 10800 10800 86400 10800 10800 10800 10800 10800 10800 10800 10800 86400 0 10800 10800 10800 10800 10800 10800 86400 10800 
10800 10800 86400 10800 10800 10800 10800 10800 10800 10800 10800 10800 10800 10800 10800 10800 10800 10800 10800 10800 10800 10800 10800 10800 10800 10800 10800 10800 10800 10800 10800 86400 10800 10800 10800 10800 10800 10800 10800 10800 86400 10800 0 10800 10800 10800 10800 10800 86400 10800 
10800 10800 86400 10800 10800 10800 10800 10800 10800 10800 10800 10800 10800 10800 10800 10800 10800 10800 10800 10800 10800 10800 10800 10800 10800 10800 10800 10800 10800 10800 10800 86400 10800 10800 10800 10800 10800 10800 10800 10800 86400 10800 10800 0 10800 3600 10800 10800 86400 10800 
10800 10800 86400 10800 10800 10800 10800 10800 10800 10800 10800 10800 10800 10800 10800 10800 10800 10800 10800 10800 10800 10800 10800 10800 10800 10800 10800 10800 10800 10800 10800 86400 10800 10800 10800 10800 10800 10800 10800 10800 86400 10800 10800 10800 0 10800 10800 10800 86400 10800 
10800 10800 86400 10800 10800 10800 10800 10800 10800 10800 10800 10800 10800 10800 10800 10800 10800 10800 10800 10800 10800 10800 10800 10800 10800 10800 10800 10800 10800 10800 10800 86400 10800 10800 10800 10800 10800 10800 10800 10800 86400 10800 10800 3600 10800 0 10800 10800 86400 10800 
10800 10800 86400 10800 10800 10800 10800 10800 10800 10800 10800 10800 10800 10800 10800 10800 10800 10800 10800 10800 10800 10800 10800 10800 10800 10800 10800 10800 10800 10800 10800 86400 10800 10800 10800 10800 10800 10800 10800 10800 86400 10800 10800 10800 10800 10800 0 10800 86400 10800 
10800 10800 86400 10800 10800 10800 10800 10800 10800 10800 10800 10800 10800 10800 10800 10800 10800 10800 10800 10800 10800 10800 10800 10800 10800 10800 10800 10800 10800 10800 10800 86400 10800 10800 10800 10800 10800 10800 10800 10800 86400 10800 10800 10800 10800 10800 10800 0 86400 10800 
10800 10800 86400 10800 10800 10800 10800 10800 10800 10800 10800 10800 10800 10800 10800 10800 10800 10800 10800 10800 10800 10800 10800 10800 10800 10800 10800 10800 10800 10800 10800 86400 10800 10800 10800 10800 10800 10800 10800 10800 86400 10800 10800 10800 10800 10800 10800 10800 0 10800 
10800 10800 86400 10800 10800 10800 10800 10800 10800 10800 10800 10800 10800 10800 10800 10800 10800 10800 10800 10800 10800 10800 10800 10800 10800 10800 10800 10800 10800 10800 10800 86400 10800 10800 10800 10800 10800 10800 10800 10800 86400 10800 10800 10800 10800 10800 10800 10800 86400 0 
0 0 0 0 0 0 0 0 0 0 0 0 0 100 
300 0 0 0 0 0 0 0 0 0 0 0 0 0 
0 0 0 0 0 0 0 0 0 0 446 0 0 0 
600 0 0 0 0 0 0 0 0 0 0 0 0 0 
0 0 0 0 2100 2100 2100 6300 0 0 0 0 0 300 
331 0 0 0 0 0 0 0 0 0 0 0 0 0 
0 0 0 0 0 0 0 0 300 0 0 0 0 0 
0 0 0 2068 1034 1034 1034 462 0 0 0 0 0 44 
0 4200 0 0 1700 2100 0 0 2100 0 0 0 0 0 
0 1860 1560 0 0 0 1140 0 0 60 0 0 0 0 
0 0 2700 0 0 0 0 100 0 0 0 0 0 0 
0 0 0 1560 960 60 0 0 0 0 0 0 0 0 
180 0 0 0 0 0 0 0 0 0 0 0 0 10 
0 0 0 0 0 0 0 0 2068 2068 3146 0 0 0 
360 0 0 0 0 0 0 0 0 31 0 0 0 0 
150 0 0 0 0 0 0 0 0 0 0 0 0 0 
0 0 0 50 0 0 0 0 0 0 0 0 0 0 
0 0 0 0 0 0 0 0 0 2040 0 0 960 0 
1440 0 0 0 540 0 0 0 0 0 0 60 0 0 
0 0 0 0 0 0 0 0 0 2080 4160 0 240 80 
1800 0 0 2700 2100 0 0 0 0 2400 3900 0 0 300 
0 0 0 0 0 0 0 0 0 0 0 0 0 100 
160 0 0 0 0 0 0 0 0 0 0 0 0 0 
0 0 0 0 1350 0 0 0 0 0 0 0 0 0 
0 0 0 0 0 0 0 0 0 0 0 0 0 100 
0 2100 0 0 100 0 0 0 0 0 0 0 0 0 
0 0 0 0 1980 0 0 0 15 0 0 0 0 0 
0 0 0 0 200 0 0 1900 0 0 0 0 0 0 
400 0 0 0 200 0 0 0 0 0 0 0 0 0 
110 0 0 0 0 0 0 0 0 0 0 0 0 154 
0 0 0 0 0 0 0 0 0 0 0 1200 29 0 
500 0 0 0 0 250 0 0 0 0 0 0 0 100 
0 0 0 0 1100 0 0 4400 5776 0 0 0 0 0 
390 0 0 0 1534 0 0 0 1131 0 0 0 0 0 
0 0 0 300 0 0 0 0 0 0 0 0 0 0 
0 0 0 0 0 0 0 187 0 0 0 0 0 0 
2080 1440 1360 2080 2080 0 2080 0 0 1840 80 0 0 0 
160 2080 0 0 0 0 0 0 0 0 0 0 0 0 
0 0 0 1540 0 0 1540 1540 1200 0 0 0 0 20 
0 0 0 0 0 0 0 0 0 0 0 0 100 0 
0 0 0 0 80 0 0 0 0 0 0 0 0 80 
0 0 0 0 0 0 0 0 0 0 0 100 0 0 
7040 480 0 0 0 0 0 0 0 0 0 0 0 80 
0 1040 1600 1680 720 0 0 0 0 0 0 80 0 0 
0 0 0 0 0 0 0 0 2100 4200 1600 0 0 0 
0 200 0 0 0 0 0 1120 80 0 0 0 0 0 
0 0 1530 1170 0 0 0 0 0 0 0 0 0 0 
0 0 0 0 0 0 0 0 0 0 0 0 0 100 
0 630 0 0 0 0 0 0 0 0 0 0 0 0 
440 0 0 55 0 0 0 0 0 0 0 0 0 0 
1 0 0 0 0 0 0 0 0 0 
0 0 0 0 0 0 0 0 1 1 
1 1 1 0 0 0 0 0 0 0 
0 0 0 0 0 0 1 0 0 0 
1 0 0 0 0 0 0 0 1 1 
1 1 1 0 0 0 0 0 0 0 
0 0 0 0 0 0 0 0 1 1 
0 0 0 0 0 0 1 0 0 0 
0 0 0 0 0 0 0 1 0 0 
1 1 1 0 0 0 0 1 0 0 
1 0 0 0 0 0 0 0 1 1 
1 0 0 0 0 0 0 0 0 0 
0 0 0 0 1 0 0 0 0 0 
0 0 0 0 0 0 1 0 0 0 
0 0 0 0 0 0 1 0 0 0 
0 0 0 0 1 1 0 0 0 0 
0 0 0 0 0 0 0 0 1 1 
0 0 0 0 0 0 1 0 0 0 
0 0 0 0 1 1 0 0 0 0 
1 1 1 0 0 0 0 0 0 0 
1 0 0 0 0 0 0 0 1 1 
1 0 0 0 0 0 0 0 1 1 
0 0 0 0 0 0 1 1 0 0 
0 0 0 0 0 0 0 1 0 1 
1 0 0 0 0 0 0 0 0 0 
1 0 0 0 0 0 0 0 1 1 
0 0 0 0 0 0 1 0 0 0 
0 0 0 0 0 0 0 1 0 1 
0 0 0 0 0 0 0 1 0 1 
0 0 0 0 1 1 0 0 0 0 
1 1 1 0 0 0 0 1 1 1 
0 0 0 0 0 0 0 0 1 1 
1 0 0 0 0 0 0 0 0 0 
0 0 0 1 1 0 0 0 0 0 
1 0 0 0 0 0 0 0 1 1 
0 0 0 1 0 0 0 0 0 0 
0 0 0 0 0 0 1 0 0 0 
1 1 1 0 0 0 0 0 0 0 
0 0 0 0 0 0 1 0 0 0 
0 0 0 0 0 0 0 0 1 1 
1 1 1 0 0 0 0 0 0 0 
0 0 0 0 0 0 0 0 1 1 
1 1 1 0 0 0 0 0 0 0 
0 1 1 0 0 0 0 0 0 0 
0 0 0 0 0 0 0 0 1 1 
0 1 1 0 0 0 0 0 0 0 
1 1 1 0 0 0 0 1 1 1 
0 0 0 0 0 0 0 0 1 1 
1 1 1 0 0 0 0 0 1 1 
0 0 0 0 0 0 1 0 0 0 
0.006 0.006 0.006 0.006 0.006 0.006 0.006 0.007 0.007 0.007 
1 0 0 0 0 0 0 0 0 0 
0 0 0 0 0 0 0 0 1 1 
1 1 1 0 0 0 0 0 0 0 
0 0 0 0 0 0 1 0 0 0 
1 0 0 0 0 0 0 0 1 1 
1 1 1 0 0 0 0 0 0 0 
0 0 0 0 0 0 0 0 1 1 
0 0 0 0 0 0 1 0 0 0 
0 0 0 0 0 0 1 0 0 0 
0 0 0 0 0 0 0 1 0 0 
1 1 1 0 0 0 0 1 0 0 
1 0 0 0 0 0 0 0 1 1 
1 0 0 0 0 0 0 0 0 0 
0 0 0 0 1 0 0 0 0 0 
0 0 0 0 0 0 1 0 0 0 
0 0 0 0 0 0 1 0 0 0 
0 0 0 0 1 1 0 0 0 0 
0 0 0 0 0 0 0 0 1 1 
0 0 0 0 0 0 1 0 0 0 
0 0 0 0 1 1 0 0 0 0 
1 1 1 0 0 0 0 0 0 0 
1 0 0 0 0 0 0 0 1 1 
1 0 0 0 0 0 0 0 1 1 
0 0 0 0 0 0 1 1 0 0 
0 0 0 0 0 0 0 1 0 1 
1 0 0 0 0 0 0 0 0 0 
1 0 0 0 0 0 0 0 1 1 
0 0 0 0 0 0 1 0 0 0 
0 0 0 0 0 0 1 0 0 0 
0 0 0 0 0 0 1 0 0 0 
0 0 0 0 0 0 1 0 0 0 
0 0 0 0 0 0 1 0 0 0 
0 0 0 0 0 0 0 1 0 1 
0 0 0 0 1 1 0 0 0 0 
1 1 1 0 0 0 0 1 1 1 
0 0 0 0 0 0 0 0 1 1 
0 0 0 0 0 0 0 0 1 1 
1 0 0 0 0 0 0 0 0 0 
1 0 0 0 0 0 0 0 0 0 
0 0 0 1 1 0 0 0 0 0 
0 0 0 1 1 0 0 0 0 0 
1 0 0 0 0 0 0 0 1 1 
0 0 0 1 0 0 0 0 0 0 
0 0 0 0 0 0 1 0 0 0 
1 1 1 0 0 0 0 0 0 0 
0 0 0 0 0 0 1 0 0 0 
0 0 0 0 0 0 1 0 0 0 
0 0 0 0 0 0 0 0 1 1 
1 0 0 0 0 0 0 0 0 0 
1 1 1 0 0 0 0 0 0 0 
1 1 1 0 0 0 0 0 0 0 
1 1 1 0 0 0 0 0 0 0 
0 0 0 0 0 0 0 0 1 1 
0 0 0 0 0 0 0 0 1 1 
0 1 1 0 0 0 0 0 0 0 
0 0 0 0 0 0 0 0 1 1 
1 1 1 0 0 0 0 1 1 1 
1 1 1 0 0 0 0 1 1 1 
1 1 1 0 0 0 0 1 1 1 
0 0 0 0 0 0 0 1 1 1 
0 0 0 0 0 0 0 1 1 1 
0 0 0 0 0 0 0 1 1 1 
1 1 1 0 0 0 0 1 1 1 
1 1 1 0 0 0 0 1 1 1 
1 1 1 0 0 0 0 1 1 1 
1 1 1 0 0 0 0 1 1 1 
1 1 1 0 0 0 0 1 1 1 
1 1 1 0 0 0 0 1 1 1 
1 1 1 0 0 0 0 1 1 1 
1 1 1 0 0 0 0 1 1 1 
1 1 1 0 0 0 0 1 1 1 
1 1 1 0 0 0 0 1 1 1 
0 0 0 0 0 0 0 0 1 1 
1 1 1 0 0 0 0 0 1 1 
1 1 1 0 0 0 0 0 1 1 
0 0 0 0 0 0 1 0 0 0 
1 0 0 0 0 0 0 0 0 0 0 0 0 0 0 0 0 0 0 0 0 0 0 0 0 0 0 0 0 0 0 0 0 0 0 0 0 0 0 0 0 0 0 0 0 0 0 0 0 0 0 0 0 0 0 0 0 0 0 0 0 0 0 0 0 0 0 0 0 0 0 0 0 0 0 0 
0 1 0 0 0 0 0 0 0 0 0 0 0 0 0 0 0 0 0 0 0 0 0 0 0 0 0 0 0 0 0 0 0 0 0 0 0 0 0 0 0 0 0 0 0 0 0 0 0 0 0 0 0 0 0 0 0 0 0 0 0 0 0 0 0 0 0 0 0 0 0 0 0 0 0 0 
0 0 1 0 0 0 0 0 0 0 0 0 0 0 0 0 0 0 0 0 0 0 0 0 0 0 0 0 0 0 0 0 0 0 0 0 0 0 0 0 0 0 0 0 0 0 0 0 0 0 0 0 0 0 0 0 0 0 0 0 0 0 0 0 0 0 0 0 0 0 0 0 0 0 0 0 
0 0 0 1 0 0 0 0 0 0 0 0 0 0 0 0 0 0 0 0 0 0 0 0 0 0 0 0 0 0 0 0 0 0 0 0 0 0 0 0 0 0 0 0 0 0 0 0 0 0 0 0 0 0 0 0 0 0 0 0 0 0 0 0 0 0 0 0 0 0 0 0 0 0 0 0 
0 0 0 0 1 0 0 0 0 0 0 0 0 0 0 0 0 0 0 0 0 0 0 0 0 0 0 0 0 0 0 0 0 0 0 0 0 0 0 0 0 0 0 0 0 0 0 0 0 0 0 0 0 0 0 0 0 0 0 0 0 0 0 0 0 0 0 0 0 0 0 0 0 0 0 0 
0 0 0 0 0 1 0 0 0 0 0 0 0 0 0 0 0 0 0 0 0 0 0 0 0 0 0 0 0 0 0 0 0 0 0 0 0 0 0 0 0 0 0 0 0 0 0 0 0 0 0 0 0 0 0 0 0 0 0 0 0 0 0 0 0 0 0 0 0 0 0 0 0 0 0 0 
0 0 0 0 0 0 1 0 0 0 0 0 0 0 0 0 0 0 0 0 0 0 0 0 0 0 0 0 0 0 0 0 0 0 0 0 0 0 0 0 0 0 0 0 0 0 0 0 0 0 0 0 0 0 0 0 0 0 0 0 0 0 0 0 0 0 0 0 0 0 0 0 0 0 0 0 
0 0 0 0 0 0 0 1 1 0 0 0 0 0 0 0 0 0 0 0 0 0 0 0 0 0 0 0 0 0 0 0 0 0 0 0 0 0 0 0 0 0 0 0 0 0 0 0 0 0 0 0 0 0 0 0 0 0 0 0 0 0 0 0 0 0 0 0 0 0 0 0 0 0 0 0 
0 0 0 0 0 0 0 0 0 1 0 0 0 0 0 0 0 0 0 0 0 0 0 0 0 0 0 0 0 0 0 0 0 0 0 0 0 0 0 0 0 0 0 0 0 0 0 0 0 0 0 0 0 0 0 0 0 0 0 0 0 0 0 0 0 0 0 0 0 0 0 0 0 0 0 0 
0 0 0 0 0 0 0 0 0 0 1 0 0 0 0 0 0 0 0 0 0 0 0 0 0 0 0 0 0 0 0 0 0 0 0 0 0 0 0 0 0 0 0 0 0 0 0 0 0 0 0 0 0 0 0 0 0 0 0 0 0 0 0 0 0 0 0 0 0 0 0 0 0 0 0 0 
0 0 0 0 0 0 0 0 0 0 0 1 0 0 0 0 0 0 0 0 0 0 0 0 0 0 0 0 0 0 0 0 0 0 0 0 0 0 0 0 0 0 0 0 0 0 0 0 0 0 0 0 0 0 0 0 0 0 0 0 0 0 0 0 0 0 0 0 0 0 0 0 0 0 0 0 
0 0 0 0 0 0 0 0 0 0 0 0 1 0 0 0 0 0 0 0 0 0 0 0 0 0 0 0 0 0 0 0 0 0 0 0 0 0 0 0 0 0 0 0 0 0 0 0 0 0 0 0 0 0 0 0 0 0 0 0 0 0 0 0 0 0 0 0 0 0 0 0 0 0 0 0 
0 0 0 0 0 0 0 0 0 0 0 0 0 1 0 0 0 0 0 0 0 0 0 0 0 0 0 0 0 0 0 0 0 0 0 0 0 0 0 0 0 0 0 0 0 0 0 0 0 0 0 0 0 0 0 0 0 0 0 0 0 0 0 0 0 0 0 0 0 0 0 0 0 0 0 0 
0 0 0 0 0 0 0 0 0 0 0 0 0 0 1 0 0 0 0 0 0 0 0 0 0 0 0 0 0 0 0 0 0 0 0 0 0 0 0 0 0 0 0 0 0 0 0 0 0 0 0 0 0 0 0 0 0 0 0 0 0 0 0 0 0 0 0 0 0 0 0 0 0 0 0 0 
0 0 0 0 0 0 0 0 0 0 0 0 0 0 0 1 0 0 0 0 0 0 0 0 0 0 0 0 0 0 0 0 0 0 0 0 0 0 0 0 0 0 0 0 0 0 0 0 0 0 0 0 0 0 0 0 0 0 0 0 0 0 0 0 0 0 0 0 0 0 0 0 0 0 0 0 
0 0 0 0 0 0 0 0 0 0 0 0 0 0 0 0 1 0 0 0 0 0 0 0 0 0 0 0 0 0 0 0 0 0 0 0 0 0 0 0 0 0 0 0 0 0 0 0 0 0 0 0 0 0 0 0 0 0 0 0 0 0 0 0 0 0 0 0 0 0 0 0 0 0 0 0 
0 0 0 0 0 0 0 0 0 0 0 0 0 0 0 0 0 1 0 0 0 0 0 0 0 0 0 0 0 0 0 0 0 0 0 0 0 0 0 0 0 0 0 0 0 0 0 0 0 0 0 0 0 0 0 0 0 0 0 0 0 0 0 0 0 0 0 0 0 0 0 0 0 0 0 0 
0 0 0 0 0 0 0 0 0 0 0 0 0 0 0 0 0 0 1 0 0 0 0 0 0 0 0 0 0 0 0 0 0 0 0 0 0 0 0 0 0 0 0 0 0 0 0 0 0 0 0 0 0 0 0 0 0 0 0 0 0 0 0 0 0 0 0 0 0 0 0 0 0 0 0 0 
0 0 0 0 0 0 0 0 0 0 0 0 0 0 0 0 0 0 0 1 0 0 0 0 0 0 0 0 0 0 0 0 0 0 0 0 0 0 0 0 0 0 0 0 0 0 0 0 0 0 0 0 0 0 0 0 0 0 0 0 0 0 0 0 0 0 0 0 0 0 0 0 0 0 0 0 
0 0 0 0 0 0 0 0 0 0 0 0 0 0 0 0 0 0 0 0 1 0 0 0 0 0 0 0 0 0 0 0 0 0 0 0 0 0 0 0 0 0 0 0 0 0 0 0 0 0 0 0 0 0 0 0 0 0 0 0 0 0 0 0 0 0 0 0 0 0 0 0 0 0 0 0 
0 0 0 0 0 0 0 0 0 0 0 0 0 0 0 0 0 0 0 0 0 1 0 0 0 0 0 0 0 0 0 0 0 0 0 0 0 0 0 0 0 0 0 0 0 0 0 0 0 0 0 0 0 0 0 0 0 0 0 0 0 0 0 0 0 0 0 0 0 0 0 0 0 0 0 0 
0 0 0 0 0 0 0 0 0 0 0 0 0 0 0 0 0 0 0 0 0 0 1 0 0 0 0 0 0 0 0 0 0 0 0 0 0 0 0 0 0 0 0 0 0 0 0 0 0 0 0 0 0 0 0 0 0 0 0 0 0 0 0 0 0 0 0 0 0 0 0 0 0 0 0 0 
0 0 0 0 0 0 0 0 0 0 0 0 0 0 0 0 0 0 0 0 0 0 0 1 0 0 0 0 0 0 0 0 0 0 0 0 0 0 0 0 0 0 0 0 0 0 0 0 0 0 0 0 0 0 0 0 0 0 0 0 0 0 0 0 0 0 0 0 0 0 0 0 0 0 0 0 
0 0 0 0 0 0 0 0 0 0 0 0 0 0 0 0 0 0 0 0 0 0 0 0 1 0 0 0 0 0 0 0 0 0 0 0 0 0 0 0 0 0 0 0 0 0 0 0 0 0 0 0 0 0 0 0 0 0 0 0 0 0 0 0 0 0 0 0 0 0 0 0 0 0 0 0 
0 0 0 0 0 0 0 0 0 0 0 0 0 0 0 0 0 0 0 0 0 0 0 0 0 1 0 0 0 0 0 0 0 0 0 0 0 0 0 0 0 0 0 0 0 0 0 0 0 0 0 0 0 0 0 0 0 0 0 0 0 0 0 0 0 0 0 0 0 0 0 0 0 0 0 0 
0 0 0 0 0 0 0 0 0 0 0 0 0 0 0 0 0 0 0 0 0 0 0 0 0 0 1 0 0 0 0 0 0 0 0 0 0 0 0 0 0 0 0 0 0 0 0 0 0 0 0 0 0 0 0 0 0 0 0 0 0 0 0 0 0 0 0 0 0 0 0 0 0 0 0 0 
0 0 0 0 0 0 0 0 0 0 0 0 0 0 0 0 0 0 0 0 0 0 0 0 0 0 0 1 1 1 1 1 0 0 0 0 0 0 0 0 0 0 0 0 0 0 0 0 0 0 0 0 0 0 0 0 0 0 0 0 0 0 0 0 0 0 0 0 0 0 0 0 0 0 0 0 
0 0 0 0 0 0 0 0 0 0 0 0 0 0 0 0 0 0 0 0 0 0 0 0 0 0 0 0 0 0 0 0 1 0 0 0 0 0 0 0 0 0 0 0 0 0 0 0 0 0 0 0 0 0 0 0 0 0 0 0 0 0 0 0 0 0 0 0 0 0 0 0 0 0 0 0 
0 0 0 0 0 0 0 0 0 0 0 0 0 0 0 0 0 0 0 0 0 0 0 0 0 0 0 0 0 0 0 0 1 0 0 0 0 0 0 0 0 0 0 0 0 0 0 0 0 0 0 0 0 0 0 0 0 0 0 0 0 0 0 0 0 0 0 0 0 0 0 0 0 0 0 0 
0 0 0 0 0 0 0 0 0 0 0 0 0 0 0 0 0 0 0 0 0 0 0 0 0 0 0 0 0 0 0 0 0 1 0 0 0 0 0 0 0 0 0 0 0 0 0 0 0 0 0 0 0 0 0 0 0 0 0 0 0 0 0 0 0 0 0 0 0 0 0 0 0 0 0 0 
0 0 0 0 0 0 0 0 0 0 0 0 0 0 0 0 0 0 0 0 0 0 0 0 0 0 0 0 0 0 0 0 0 0 1 0 0 0 0 0 0 0 0 0 0 0 0 0 0 0 0 0 0 0 0 0 0 0 0 0 0 0 0 0 0 0 0 0 0 0 0 0 0 0 0 0 
0 0 0 0 0 0 0 0 0 0 0 0 0 0 0 0 0 0 0 0 0 0 0 0 0 0 0 0 0 0 0 0 0 0 0 1 1 0 0 0 0 0 0 0 0 0 0 0 0 0 0 0 0 0 0 0 0 0 0 0 0 0 0 0 0 0 0 0 0 0 0 0 0 0 0 0 
0 0 0 0 0 0 0 0 0 0 0 0 0 0 0 0 0 0 0 0 0 0 0 0 0 0 0 0 0 0 0 0 0 0 0 0 0 1 1 0 0 0 0 0 0 0 0 0 0 0 0 0 0 0 0 0 0 0 0 0 0 0 0 0 0 0 0 0 0 0 0 0 0 0 0 0 
0 0 0 0 0 0 0 0 0 0 0 0 0 0 0 0 0 0 0 0 0 0 0 0 0 0 0 0 0 0 0 0 0 0 0 0 0 0 0 1 1 0 0 0 0 0 0 0 0 0 0 0 0 0 0 0 0 0 0 0 0 0 0 0 0 0 0 0 0 0 0 0 0 0 0 0 
0 0 0 0 0 0 0 0 0 0 0 0 0 0 0 0 0 0 0 0 0 0 0 0 0 0 0 0 0 0 0 0 0 0 0 0 0 0 0 0 0 1 0 0 0 0 0 0 0 0 0 0 0 0 0 0 0 0 0 0 0 0 0 0 0 0 0 0 0 0 0 0 0 0 0 0 
0 0 0 0 0 0 0 0 0 0 0 0 0 0 0 0 0 0 0 0 0 0 0 0 0 0 0 0 0 0 0 0 0 0 0 0 0 0 0 0 0 0 1 0 0 0 0 0 0 0 0 0 0 0 0 0 0 0 0 0 0 0 0 0 0 0 0 0 0 0 0 0 0 0 0 0 
0 0 0 0 0 0 0 0 0 0 0 0 0 0 0 0 0 0 0 0 0 0 0 0 0 0 0 0 0 0 0 0 0 0 0 0 0 0 0 0 0 0 0 1 0 0 0 0 0 0 0 0 0 0 0 0 0 0 0 0 0 0 0 0 0 0 0 0 0 0 0 0 0 0 0 0 
0 0 0 0 0 0 0 0 0 0 0 0 0 0 0 0 0 0 0 0 0 0 0 0 0 0 0 0 0 0 0 0 0 0 0 0 0 0 0 0 0 0 0 0 1 0 0 0 0 0 0 0 0 0 0 0 0 0 0 0 0 0 0 0 0 0 0 0 0 0 0 0 0 0 0 0 
0 0 0 0 0 0 0 0 0 0 0 0 0 0 0 0 0 0 0 0 0 0 0 0 0 0 0 0 0 0 0 0 0 0 0 0 0 0 0 0 0 0 0 0 0 1 1 0 0 0 0 0 0 0 0 0 0 0 0 0 0 0 0 0 0 0 0 0 0 0 0 0 0 0 0 0 
0 0 0 0 0 0 0 0 0 0 0 0 0 0 0 0 0 0 0 0 0 0 0 0 0 0 0 0 0 0 0 0 0 0 0 0 0 0 0 0 0 0 0 0 0 0 0 1 0 0 0 0 0 0 0 0 0 0 0 0 0 0 0 0 0 0 0 0 0 0 0 0 0 0 0 0 
0 0 0 0 0 0 0 0 0 0 0 0 0 0 0 0 0 0 0 0 0 0 0 0 0 0 0 0 0 0 0 0 0 0 0 0 0 0 0 0 0 0 0 0 0 0 0 0 1 1 1 1 0 0 0 0 0 0 0 0 0 0 0 0 0 0 0 0 0 0 0 0 0 0 0 0 
0 0 0 0 0 0 0 0 0 0 0 0 0 0 0 0 0 0 0 0 0 0 0 0 0 0 0 0 0 0 0 0 0 0 0 0 0 0 0 0 0 0 0 0 0 0 0 0 0 0 0 0 1 1 0 0 0 0 0 0 0 0 0 0 0 0 0 0 0 0 0 0 0 0 0 0 
0 0 0 0 0 0 0 0 0 0 0 0 0 0 0 0 0 0 0 0 0 0 0 0 0 0 0 0 0 0 0 0 0 0 0 0 0 0 0 0 0 0 0 0 0 0 0 0 1 1 1 1 0 0 0 0 0 0 0 0 0 0 0 0 0 0 0 0 0 0 0 0 0 0 0 0 
0 0 0 0 0 0 0 0 0 0 0 0 0 0 0 0 0 0 0 0 0 0 0 0 0 0 0 0 0 0 0 0 0 0 0 0 0 0 0 0 0 0 0 0 0 0 0 0 0 0 0 0 0 0 1 0 0 0 0 0 0 0 0 0 0 0 0 0 0 0 0 0 0 0 0 0 
0 0 0 0 0 0 0 0 0 0 0 0 0 0 0 0 0 0 0 0 0 0 0 0 0 0 0 0 0 0 0 0 0 0 0 0 0 0 0 0 0 0 0 0 0 0 0 0 0 0 0 0 0 0 0 1 0 0 0 0 0 0 0 0 0 0 0 0 0 0 0 0 0 0 0 0 
0 0 0 0 0 0 0 0 0 0 0 0 0 0 0 0 0 0 0 0 0 0 0 0 0 0 0 0 0 0 0 0 0 0 0 0 0 0 0 0 0 0 0 0 0 0 0 0 0 0 0 0 0 0 1 0 0 0 0 0 0 0 0 0 0 0 0 0 0 0 0 0 0 0 0 0 
0 0 0 0 0 0 0 0 0 0 0 0 0 0 0 0 0 0 0 0 0 0 0 0 0 0 0 0 0 0 0 0 0 0 0 0 0 0 0 0 0 0 0 0 0 0 0 0 0 0 0 0 0 0 0 0 1 1 1 1 1 1 1 1 1 1 1 1 1 1 1 1 0 0 0 0 
0 0 0 0 0 0 0 0 0 0 0 0 0 0 0 0 0 0 0 0 0 0 0 0 0 0 0 0 0 0 0 0 0 0 0 0 0 0 0 0 0 0 0 0 0 0 0 0 0 0 0 0 0 0 0 0 0 0 0 0 0 0 0 0 0 0 0 0 0 0 0 0 1 0 0 0 
0 0 0 0 0 0 0 0 0 0 0 0 0 0 0 0 0 0 0 0 0 0 0 0 0 0 0 0 0 0 0 0 0 0 0 0 0 0 0 0 0 0 0 0 0 0 0 0 0 0 0 0 0 0 0 0 0 0 0 0 0 0 0 0 0 0 0 0 0 0 0 0 0 1 1 0 
0 0 0 0 0 0 0 0 0 0 0 0 0 0 0 0 0 0 0 0 0 0 0 0 0 0 0 0 0 0 0 0 0 0 0 0 0 0 0 0 0 0 0 0 0 0 0 0 0 0 0 0 0 0 0 0 0 0 0 0 0 0 0 0 0 0 0 0 0 0 0 0 0 0 0 1 
41 10 10 34 13 16 23 23 17 45 