10
40
14
58
86400
0.1
0.0021052631578947372 0.005714285714285715 0.0026134301270417425 0.0058823529411764705 0.003413940256045519 0.0028927280032141423 0.008333333333333333 0.00625 0.003773584905660377 0.0125 0.009625668449197862 0.009625668449197862 0.009207161125319694 0.009375 0.009207161125319694 0.003413940256045519 0.009625668449197862 0.004 0.008470588235294119 0.006557377049180328 0.0075630252100840345 0.010588235294117647 0.006557377049180328 0.009523809523809525 0.011145510835913313 0.005633802816901409 0.011145510835913313 0.009375 0.002807017543859649 0.00909090909090909 0.006557377049180328 0.009625668449197862 0.0024291497975708507 0.011145510835913313 0.005 0.01 0.004 0.016071428571428573 0.009375 0.0026134301270417425 
12.631578947368421 34.285714285714285 15.680580762250454 35.29411764705882 20.48364153627311 17.35636801928485 49.99999999999999 37.5 22.64150943396226 75 57.75401069518717 57.75401069518717 55.24296675191816 56.25 55.24296675191816 20.48364153627311 57.75401069518717 24 50.8235294117647 39.34426229508196 45.378151260504204 63.52941176470588 39.34426229508196 57.142857142857146 66.87306501547988 33.80281690140845 66.87306501547988 56.25 16.842105263157894 54.54545454545454 39.34426229508196 57.75401069518717 14.574898785425102 66.87306501547988 30 60 24 96.42857142857143 56.25 15.680580762250454 
21.05263157894737 57.142857142857146 26.134301270417424 58.8235294117647 34.13940256045519 28.92728003214142 83.33333333333333 62.5 37.73584905660377 125 96.25668449197862 96.25668449197862 92.07161125319693 93.75 92.07161125319693 34.13940256045519 96.25668449197862 40 84.70588235294117 65.57377049180327 75.63025210084034 105.88235294117646 65.57377049180327 95.23809523809524 111.45510835913313 56.33802816901409 111.45510835913313 93.75 28.07017543859649 90.9090909090909 65.57377049180327 96.25668449197862 24.291497975708506 111.45510835913313 50 100 40 160.71428571428572 93.75 26.134301270417424 
0 86400 10800 10800 10800 10800 10800 10800 10800 10800 10800 10800 10800 10800 10800 10800 10800 10800 10800 10800 10800 10800 10800 10800 10800 10800 10800 10800 10800 10800 10800 10800 10800 10800 10800 10800 10800 10800 10800 10800 
10800 0 10800 10800 10800 10800 10800 10800 10800 10800 10800 10800 10800 10800 10800 10800 10800 10800 10800 10800 10800 10800 10800 10800 10800 10800 10800 10800 10800 10800 10800 10800 10800 10800 10800 10800 10800 10800 10800 10800 
10800 86400 0 10800 10800 10800 10800 10800 10800 10800 10800 10800 10800 10800 10800 10800 10800 10800 10800 10800 10800 10800 10800 10800 10800 10800 10800 10800 10800 10800 10800 10800 10800 10800 10800 10800 10800 10800 10800 18000 
10800 86400 10800 0 10800 10800 10800 10800 10800 10800 10800 10800 10800 10800 10800 10800 10800 10800 10800 10800 10800 10800 10800 10800 10800 10800 10800 10800 10800 10800 10800 10800 10800 10800 10800 10800 10800 10800 10800 10800 
10800 86400 10800 10800 0 10800 10800 10800 10800 10800 10800 10800 10800 10800 10800 18000 10800 10800 10800 10800 10800 10800 10800 10800 10800 10800 10800 10800 10800 10800 10800 10800 10800 10800 10800 10800 10800 10800 10800 10800 
10800 86400 10800 10800 10800 0 10800 10800 10800 10800 10800 10800 10800 10800 10800 10800 10800 10800 10800 10800 10800 10800 10800 10800 10800 10800 10800 10800 10800 10800 10800 10800 10800 10800 10800 10800 10800 10800 10800 10800 
10800 86400 10800 10800 10800 10800 0 10800 10800 10800 10800 10800 10800 10800 10800 10800 10800 10800 10800 10800 10800 10800 10800 10800 10800 10800 10800 10800 10800 10800 10800 10800 10800 10800 10800 10800 10800 10800 10800 10800 
10800 86400 10800 10800 10800 10800 10800 0 10800 10800 10800 10800 10800 10800 10800 10800 10800 10800 10800 10800 10800 10800 10800 10800 10800 10800 10800 10800 10800 10800 10800 10800 10800 10800 10800 10800 10800 10800 10800 10800 
10800 86400 10800 10800 10800 10800 10800 10800 0 10800 10800 10800 10800 10800 10800 10800 10800 10800 10800 10800 10800 10800 10800 10800 10800 10800 10800 10800 10800 10800 10800 10800 10800 10800 10800 10800 10800 10800 10800 10800 
10800 86400 10800 10800 10800 10800 10800 10800 10800 0 10800 10800 10800 10800 10800 10800 10800 10800 10800 10800 10800 10800 10800 10800 10800 10800 10800 10800 10800 10800 10800 10800 10800 10800 10800 10800 10800 10800 10800 10800 
10800 86400 10800 10800 10800 10800 10800 10800 10800 10800 0 10800 10800 10800 10800 10800 10800 10800 10800 10800 10800 10800 10800 10800 10800 10800 10800 10800 10800 10800 10800 10800 10800 10800 10800 10800 10800 10800 10800 10800 
10800 86400 10800 10800 10800 10800 10800 10800 10800 10800 10800 0 10800 10800 10800 10800 10800 10800 10800 10800 10800 10800 10800 10800 10800 10800 10800 10800 10800 10800 10800 10800 10800 10800 10800 10800 10800 10800 10800 10800 
10800 86400 10800 10800 10800 10800 10800 10800 10800 10800 10800 10800 0 10800 10800 10800 10800 10800 10800 10800 10800 10800 10800 10800 10800 10800 10800 10800 10800 10800 10800 10800 10800 10800 10800 10800 10800 10800 10800 10800 
10800 86400 10800 10800 10800 10800 10800 10800 10800 10800 10800 10800 10800 0 10800 10800 10800 10800 10800 10800 10800 10800 10800 10800 10800 10800 10800 10800 10800 10800 10800 10800 10800 10800 10800 10800 10800 10800 10800 10800 
10800 86400 10800 10800 10800 10800 10800 10800 10800 10800 10800 10800 10800 10800 0 10800 10800 10800 10800 10800 10800 10800 10800 10800 10800 10800 10800 10800 10800 10800 10800 10800 10800 10800 10800 10800 10800 10800 10800 10800 
10800 86400 10800 10800 18000 10800 10800 10800 10800 10800 10800 10800 10800 10800 10800 0 10800 10800 10800 10800 10800 10800 10800 10800 10800 10800 10800 10800 10800 10800 10800 10800 10800 10800 10800 10800 10800 10800 10800 10800 
10800 86400 10800 10800 10800 10800 10800 10800 10800 10800 10800 10800 10800 10800 10800 10800 0 10800 10800 10800 10800 10800 10800 10800 10800 10800 10800 10800 10800 10800 10800 10800 10800 10800 10800 10800 10800 10800 10800 10800 
10800 86400 10800 10800 10800 10800 10800 10800 10800 10800 10800 10800 10800 10800 10800 10800 10800 0 10800 10800 10800 10800 10800 10800 10800 10800 10800 10800 10800 10800 10800 10800 10800 10800 10800 10800 10800 10800 10800 10800 
10800 86400 10800 10800 10800 10800 10800 10800 10800 10800 10800 10800 10800 10800 10800 10800 10800 10800 0 10800 10800 10800 10800 10800 10800 10800 10800 10800 10800 10800 10800 10800 10800 10800 10800 10800 10800 10800 10800 10800 
10800 86400 10800 10800 10800 10800 10800 10800 10800 10800 10800 10800 10800 10800 10800 10800 10800 10800 10800 0 10800 10800 10800 10800 10800 10800 10800 10800 10800 10800 10800 10800 10800 10800 10800 10800 10800 10800 10800 10800 
10800 86400 10800 10800 10800 10800 10800 10800 10800 10800 10800 10800 10800 10800 10800 10800 10800 10800 10800 10800 0 10800 10800 10800 10800 10800 10800 10800 10800 10800 10800 10800 10800 10800 10800 10800 10800 10800 10800 10800 
10800 86400 10800 10800 10800 10800 10800 10800 10800 10800 10800 10800 10800 10800 10800 10800 10800 10800 10800 10800 10800 0 10800 10800 10800 10800 10800 10800 10800 10800 10800 10800 10800 10800 10800 10800 10800 10800 10800 10800 
10800 86400 10800 10800 10800 10800 10800 10800 10800 10800 10800 10800 10800 10800 10800 10800 10800 10800 10800 10800 10800 10800 0 10800 10800 10800 10800 10800 10800 10800 10800 10800 10800 10800 10800 10800 10800 10800 10800 10800 
10800 86400 10800 10800 10800 10800 10800 10800 10800 10800 10800 10800 10800 10800 10800 10800 10800 10800 10800 10800 10800 10800 10800 0 10800 10800 10800 10800 10800 10800 10800 10800 10800 10800 10800 10800 10800 10800 10800 10800 
10800 10800 10800 10800 10800 10800 10800 10800 10800 10800 10800 10800 10800 10800 10800 10800 10800 10800 10800 10800 10800 10800 10800 10800 0 10800 10800 10800 10800 10800 10800 10800 10800 10800 10800 10800 10800 10800 10800 10800 
10800 86400 10800 10800 10800 10800 10800 10800 10800 10800 10800 10800 10800 10800 10800 10800 10800 10800 10800 10800 10800 10800 10800 10800 10800 0 10800 10800 10800 10800 10800 10800 10800 10800 10800 10800 10800 10800 10800 10800 
10800 86400 10800 10800 10800 10800 10800 10800 10800 10800 10800 10800 10800 10800 10800 10800 10800 10800 10800 10800 10800 10800 10800 10800 10800 10800 0 10800 10800 10800 10800 10800 10800 10800 10800 10800 10800 10800 10800 10800 
10800 86400 10800 10800 10800 10800 10800 10800 10800 10800 10800 10800 10800 10800 10800 10800 10800 10800 10800 10800 10800 10800 10800 10800 10800 10800 10800 0 10800 10800 10800 10800 10800 10800 10800 10800 10800 10800 3600 10800 
10800 86400 10800 10800 10800 10800 10800 10800 10800 10800 10800 10800 10800 10800 10800 10800 10800 10800 10800 10800 10800 10800 10800 10800 10800 10800 10800 10800 0 10800 10800 10800 10800 10800 10800 10800 10800 10800 10800 10800 
10800 86400 10800 10800 10800 10800 10800 10800 10800 10800 10800 10800 10800 10800 10800 10800 10800 10800 10800 10800 10800 10800 10800 10800 10800 10800 10800 10800 10800 0 10800 10800 10800 10800 10800 10800 10800 10800 10800 10800 
10800 86400 10800 10800 10800 10800 10800 10800 10800 10800 10800 10800 10800 10800 10800 10800 10800 10800 10800 10800 10800 10800 10800 10800 10800 10800 10800 10800 10800 10800 0 10800 10800 10800 10800 10800 10800 10800 10800 10800 
10800 86400 10800 10800 10800 10800 10800 10800 10800 10800 10800 10800 10800 10800 10800 10800 10800 10800 10800 10800 10800 10800 10800 10800 10800 10800 10800 10800 10800 10800 10800 0 10800 10800 10800 10800 10800 10800 10800 10800 
10800 86400 10800 10800 10800 10800 10800 10800 10800 10800 10800 10800 10800 10800 10800 10800 10800 10800 10800 10800 10800 10800 10800 10800 10800 10800 10800 10800 10800 10800 10800 10800 0 10800 10800 10800 10800 10800 10800 10800 
10800 86400 10800 10800 10800 10800 10800 10800 10800 10800 10800 10800 10800 10800 10800 10800 10800 10800 10800 10800 10800 10800 10800 10800 10800 10800 10800 10800 10800 10800 10800 10800 10800 0 10800 10800 10800 10800 10800 10800 
10800 86400 10800 10800 10800 10800 10800 10800 10800 10800 10800 10800 10800 10800 10800 10800 10800 10800 10800 10800 10800 10800 10800 10800 10800 10800 10800 10800 10800 10800 10800 10800 10800 10800 0 10800 10800 10800 10800 10800 
10800 10800 10800 10800 10800 10800 10800 10800 10800 10800 10800 10800 10800 10800 10800 10800 10800 10800 10800 10800 10800 10800 10800 10800 10800 10800 10800 10800 10800 10800 10800 10800 10800 10800 10800 0 10800 10800 10800 10800 
10800 86400 10800 10800 10800 10800 10800 10800 10800 10800 10800 10800 10800 10800 10800 10800 10800 10800 10800 10800 10800 10800 10800 10800 10800 10800 10800 10800 10800 10800 10800 10800 10800 10800 10800 10800 0 10800 10800 10800 
10800 86400 10800 10800 10800 10800 10800 10800 10800 10800 10800 10800 10800 10800 10800 10800 10800 10800 10800 10800 10800 10800 10800 10800 10800 10800 10800 10800 10800 10800 10800 10800 10800 10800 10800 10800 10800 0 10800 10800 
10800 86400 10800 10800 10800 10800 10800 10800 10800 10800 10800 10800 10800 10800 10800 10800 10800 10800 10800 10800 10800 10800 10800 10800 10800 10800 10800 3600 10800 10800 10800 10800 10800 10800 10800 10800 10800 10800 0 10800 
10800 86400 18000 10800 10800 10800 10800 10800 10800 10800 10800 10800 10800 10800 10800 10800 10800 10800 10800 10800 10800 10800 10800 10800 10800 10800 10800 10800 10800 10800 10800 10800 10800 10800 10800 10800 10800 10800 10800 0 
0 0 0 3000 2800 0 0 0 0 0 0 0 0 0 
0 0 0 80 0 0 0 0 0 0 0 0 0 3 
0 960 2080 4480 2080 4480 2080 5920 2880 4160 480 0 0 0 
0 0 0 0 0 3900 300 900 0 0 0 0 0 220 
80 0 0 0 0 0 1360 0 0 0 0 0 0 0 
0 0 0 0 0 0 0 0 6600 1700 0 0 0 0 
0 0 0 1700 550 0 0 0 0 0 0 0 0 0 
0 0 0 0 3060 3060 1530 0 3915 15 0 0 0 0 
800 0 0 0 0 0 0 0 0 0 0 0 0 0 
240 0 0 0 0 0 0 0 0 0 0 0 0 5 
100 0 0 0 0 0 0 0 0 0 150 0 0 0 
1300 1900 0 0 0 0 0 0 0 0 0 0 0 0 
650 0 50 0 0 0 0 0 0 0 0 0 0 0 
120 0 0 0 0 0 0 0 0 0 0 0 0 13 
16 0 0 0 0 0 0 0 0 0 0 0 0 0 
0 0 0 0 0 0 0 0 0 0 0 240 0 0 
0 0 2080 1040 1040 2080 2000 0 0 0 0 0 0 0 
0 0 0 1880 40 0 0 0 0 0 0 0 0 0 
250 0 0 0 0 0 0 0 0 0 0 0 0 0 
1530 0 0 4365 0 0 0 0 0 0 0 0 0 0 
0 0 0 0 0 0 0 0 720 3760 0 0 0 0 
0 0 0 0 0 0 0 0 0 0 0 0 0 100 
0 0 0 0 0 0 0 0 0 0 0 0 0 40 
16 0 0 0 0 0 0 0 0 0 0 0 0 0 
770 1034 0 0 2068 0 0 0 2068 2068 1034 924 0 0 
0 0 0 0 0 60 0 0 0 0 0 0 0 16 
0 0 0 0 0 2222 0 3102 0 44 0 0 0 0 
400 0 0 0 0 0 0 0 0 0 0 0 0 0 
0 0 0 160 0 0 0 0 0 0 0 0 0 0 
0 0 0 0 0 0 0 0 60 0 0 0 0 0 
440 0 0 0 0 0 0 0 0 0 0 0 0 0 
0 0 0 0 0 0 0 0 4160 0 320 0 0 0 
0 0 0 0 310 0 0 0 0 0 0 0 0 0 
396 0 0 0 0 0 0 0 0 0 0 0 0 0 
0 2700 2100 2700 2400 2100 0 0 0 0 0 0 0 420 
110 0 759 0 0 0 0 0 0 0 0 0 0 0 
0 0 0 0 0 0 920 2300 1380 230 0 0 0 0 
0 0 0 0 3068 0 0 2015 0 0 0 0 0 0 
20 0 0 0 0 0 0 0 0 0 0 0 0 0 
0 0 0 0 960 0 0 0 0 0 0 0 0 0 
0 0 0 0 0 1 0 0 0 0 
0 0 0 0 0 1 0 0 1 0 
0 0 0 0 1 0 1 0 0 0 
0 0 0 0 0 1 0 0 1 0 
0 0 1 0 0 0 0 0 0 0 
0 0 0 0 0 0 1 0 0 0 
0 1 0 0 0 1 0 0 1 0 
0 0 1 1 0 0 0 1 0 0 
1 0 0 0 0 0 0 0 0 0 
0 0 0 1 0 0 0 1 0 0 
0 0 1 0 0 0 0 0 0 0 
0 0 1 0 0 0 0 0 0 0 
1 1 0 0 0 0 0 0 0 0 
0 0 0 1 0 0 0 1 0 0 
0 0 1 0 0 0 0 0 0 0 
0 0 1 0 0 0 0 0 0 0 
0 0 1 0 0 0 0 0 0 0 
0 0 1 0 0 0 0 0 0 0 
0 0 0 0 0 1 0 0 0 0 
0 0 1 0 0 0 0 0 0 0 
1 0 0 0 0 0 0 0 1 0 
0 0 0 0 0 0 0 0 1 0 
0 0 1 0 0 0 0 0 0 0 
1 0 0 0 0 0 0 0 0 0 
0 0 1 1 0 0 0 1 0 0 
0 0 1 0 0 0 0 0 0 0 
0 0 1 0 0 0 0 0 0 0 
0 0 1 0 0 0 0 0 0 0 
0 0 0 0 1 0 0 0 0 0 
0 0 0 1 0 0 0 1 0 0 
0 0 1 0 0 0 0 0 0 0 
0 0 1 0 0 0 0 0 0 0 
0 0 0 0 1 0 1 0 0 0 
0 0 1 1 0 0 0 1 0 0 
0 0 0 0 0 0 0 0 1 0 
0 0 0 0 0 0 0 0 0 1 
1 0 0 0 0 0 0 0 0 0 
0 0 0 1 0 0 0 1 0 0 
0 0 1 0 0 0 0 0 0 0 
0 0 0 0 1 0 1 0 0 0 
0.006 0.006 0.006 0.006 0.006 0.006 0.006 0.007 0.007 0.007 
0 0 0 0 0 1 0 0 0 0 
0 0 0 0 0 1 0 0 0 0 
0 0 0 0 0 1 0 0 1 0 
0 0 0 0 1 0 1 0 0 0 
0 0 0 0 1 0 1 0 0 0 
0 0 0 0 1 0 1 0 0 0 
0 0 0 0 1 0 1 0 0 0 
0 0 0 0 0 0 1 0 0 0 
0 0 0 0 0 1 0 0 1 0 
0 0 1 0 0 0 0 0 0 0 
0 0 0 0 0 0 1 0 0 0 
0 0 0 0 0 0 1 0 0 0 
0 0 0 0 0 0 1 0 0 0 
0 0 0 0 0 0 1 0 0 0 
0 0 0 0 0 0 1 0 0 0 
0 0 0 0 0 0 1 0 0 0 
0 0 0 0 0 1 0 0 0 0 
0 0 0 0 0 1 0 0 0 0 
0 0 0 0 0 1 0 0 0 0 
0 1 0 0 0 0 0 0 0 0 
0 1 0 0 0 0 0 0 0 0 
0 0 0 0 0 0 0 0 1 0 
0 0 1 1 0 0 0 1 0 0 
0 0 1 1 0 0 0 1 0 0 
0 0 1 1 0 0 0 1 0 0 
0 0 1 1 0 0 0 1 0 0 
1 0 0 0 0 0 0 0 0 0 
0 0 0 1 0 0 0 1 0 0 
0 0 1 0 0 0 0 0 0 0 
0 0 1 0 0 0 0 0 0 0 
1 1 0 0 0 0 0 0 0 0 
0 0 0 1 0 0 0 1 0 0 
0 0 1 0 0 0 0 0 0 0 
0 0 1 0 0 0 0 0 0 0 
0 0 1 0 0 0 0 0 0 0 
0 0 0 0 0 1 0 0 0 0 
0 0 1 0 0 0 0 0 0 0 
1 0 0 0 0 0 0 0 1 0 
0 0 0 0 0 0 0 0 1 0 
0 0 1 0 0 0 0 0 0 0 
1 0 0 0 0 0 0 0 0 0 
0 0 1 0 0 0 0 0 0 0 
0 0 1 1 0 0 0 1 0 0 
0 0 1 0 0 0 0 0 0 0 
0 0 1 0 0 0 0 0 0 0 
0 0 1 0 0 0 0 0 0 0 
0 0 1 0 0 0 0 0 0 0 
0 0 0 0 1 0 0 0 0 0 
0 0 0 1 0 0 0 1 0 0 
0 0 1 0 0 0 0 0 0 0 
0 0 0 0 0 0 0 0 0 0 
0 0 1 0 0 0 0 0 0 0 
0 0 0 0 1 0 1 0 0 0 
0 0 1 1 0 0 0 1 0 0 
0 0 0 0 0 0 0 0 1 0 
0 0 0 0 0 0 0 0 0 1 
1 0 0 0 0 0 0 0 0 0 
0 0 0 1 0 0 0 1 0 0 
1 1 0 0 0 0 0 0 0 0 0 0 0 0 0 0 0 0 0 0 0 0 0 0 0 0 0 0 0 0 0 0 0 0 0 0 0 0 0 0 0 0 0 0 0 0 0 0 0 0 0 0 0 0 0 0 0 0 
0 0 1 0 0 0 0 0 0 0 0 0 0 0 0 0 0 0 0 0 0 0 0 0 0 0 0 0 0 0 0 0 0 0 0 0 0 0 0 0 0 0 0 0 0 0 0 0 0 0 0 0 0 0 0 0 0 0 
0 0 0 1 1 1 1 1 0 0 0 0 0 0 0 0 0 0 0 0 0 0 0 0 0 0 0 0 0 0 0 0 0 0 0 0 0 0 0 0 0 0 0 0 0 0 0 0 0 0 0 0 0 0 0 0 0 0 
0 0 0 0 0 0 0 0 1 0 0 0 0 0 0 0 0 0 0 0 0 0 0 0 0 0 0 0 0 0 0 0 0 0 0 0 0 0 0 0 0 0 0 0 0 0 0 0 0 0 0 0 0 0 0 0 0 0 
0 0 0 0 0 0 0 0 0 1 0 0 0 0 0 0 0 0 0 0 0 0 0 0 0 0 0 0 0 0 0 0 0 0 0 0 0 0 0 0 0 0 0 0 0 0 0 0 0 0 0 0 0 0 0 0 0 0 
0 0 0 0 0 0 0 0 0 0 1 1 1 1 1 1 0 0 0 0 0 0 0 0 0 0 0 0 0 0 0 0 0 0 0 0 0 0 0 0 0 0 0 0 0 0 0 0 0 0 0 0 0 0 0 0 0 0 
0 0 0 0 0 0 0 0 0 0 0 0 0 0 0 0 1 1 1 1 1 1 0 0 0 0 0 0 0 0 0 0 0 0 0 0 0 0 0 0 0 0 0 0 0 0 0 0 0 0 0 0 0 0 0 0 0 0 
0 0 0 0 0 0 0 0 0 0 0 0 0 0 0 0 0 0 0 0 0 0 1 1 1 1 0 0 0 0 0 0 0 0 0 0 0 0 0 0 0 0 0 0 0 0 0 0 0 0 0 0 0 0 0 0 0 0 
0 0 0 0 0 0 0 0 0 0 0 0 0 0 0 0 0 0 0 0 0 0 0 0 0 0 1 0 0 0 0 0 0 0 0 0 0 0 0 0 0 0 0 0 0 0 0 0 0 0 0 0 0 0 0 0 0 0 
0 0 0 0 0 0 0 0 0 0 0 0 0 0 0 0 0 0 0 0 0 0 0 0 0 0 0 1 0 0 0 0 0 0 0 0 0 0 0 0 0 0 0 0 0 0 0 0 0 0 0 0 0 0 0 0 0 0 
0 0 0 0 0 0 0 0 0 0 0 0 0 0 0 0 0 0 0 0 0 0 0 0 0 0 0 0 1 0 0 0 0 0 0 0 0 0 0 0 0 0 0 0 0 0 0 0 0 0 0 0 0 0 0 0 0 0 
0 0 0 0 0 0 0 0 0 0 0 0 0 0 0 0 0 0 0 0 0 0 0 0 0 0 0 0 0 1 0 0 0 0 0 0 0 0 0 0 0 0 0 0 0 0 0 0 0 0 0 0 0 0 0 0 0 0 
0 0 0 0 0 0 0 0 0 0 0 0 0 0 0 0 0 0 0 0 0 0 0 0 0 0 0 0 0 0 1 0 0 0 0 0 0 0 0 0 0 0 0 0 0 0 0 0 0 0 0 0 0 0 0 0 0 0 
0 0 0 0 0 0 0 0 0 0 0 0 0 0 0 0 0 0 0 0 0 0 0 0 0 0 0 0 0 0 0 1 0 0 0 0 0 0 0 0 0 0 0 0 0 0 0 0 0 0 0 0 0 0 0 0 0 0 
0 0 0 0 0 0 0 0 0 0 0 0 0 0 0 0 0 0 0 0 0 0 0 0 0 0 0 0 0 0 0 0 1 0 0 0 0 0 0 0 0 0 0 0 0 0 0 0 0 0 0 0 0 0 0 0 0 0 
0 0 0 0 0 0 0 0 0 1 0 0 0 0 0 0 0 0 0 0 0 0 0 0 0 0 0 0 0 0 0 0 0 0 0 0 0 0 0 0 0 0 0 0 0 0 0 0 0 0 0 0 0 0 0 0 0 0 
0 0 0 0 0 0 0 0 0 0 0 0 0 0 0 0 0 0 0 0 0 0 0 0 0 0 0 0 0 0 0 0 0 1 0 0 0 0 0 0 0 0 0 0 0 0 0 0 0 0 0 0 0 0 0 0 0 0 
0 0 0 0 0 0 0 0 0 0 0 0 0 0 0 0 0 0 0 0 0 0 0 0 0 0 0 0 0 0 0 0 0 0 1 0 0 0 0 0 0 0 0 0 0 0 0 0 0 0 0 0 0 0 0 0 0 0 
0 0 0 0 0 0 0 0 0 0 0 0 0 0 0 0 0 0 0 0 0 0 0 0 0 0 0 0 0 0 0 0 0 0 0 1 0 0 0 0 0 0 0 0 0 0 0 0 0 0 0 0 0 0 0 0 0 0 
0 0 0 0 0 0 0 0 0 0 0 0 0 0 0 0 0 0 0 0 0 0 0 0 0 0 0 0 0 0 0 0 0 0 0 0 1 0 0 0 0 0 0 0 0 0 0 0 0 0 0 0 0 0 0 0 0 0 
0 0 0 0 0 0 0 0 0 0 0 0 0 0 0 0 0 0 0 0 0 0 0 0 0 0 0 0 0 0 0 0 0 0 0 0 0 1 0 0 0 0 0 0 0 0 0 0 0 0 0 0 0 0 0 0 0 0 
0 0 0 0 0 0 0 0 0 0 0 0 0 0 0 0 0 0 0 0 0 0 0 0 0 0 0 0 0 0 0 0 0 0 0 0 0 0 1 0 0 0 0 0 0 0 0 0 0 0 0 0 0 0 0 0 0 0 
0 0 0 0 0 0 0 0 0 0 0 0 0 0 0 0 0 0 0 0 0 0 0 0 0 0 0 0 0 0 0 0 0 0 0 0 0 0 0 1 0 0 0 0 0 0 0 0 0 0 0 0 0 0 0 0 0 0 
0 0 0 0 0 0 0 0 0 0 0 0 0 0 0 0 0 0 0 0 0 0 0 0 0 0 0 0 0 0 0 0 0 0 0 0 0 0 0 0 1 0 0 0 0 0 0 0 0 0 0 0 0 0 0 0 0 0 
0 0 0 0 0 0 0 0 0 0 0 0 0 0 0 0 0 0 0 0 0 0 0 0 0 0 0 0 0 0 0 0 0 0 0 0 0 0 0 0 0 1 1 0 0 0 0 0 0 0 0 0 0 0 0 0 0 0 
0 0 0 0 0 0 0 0 0 0 0 0 0 0 0 0 0 0 0 0 0 0 0 0 0 0 0 0 0 0 0 0 0 0 0 0 0 0 0 0 0 0 0 1 1 0 0 0 0 0 0 0 0 0 0 0 0 0 
0 0 0 0 0 0 0 0 0 0 0 0 0 0 0 0 0 0 0 0 0 0 0 0 0 0 0 0 0 0 0 0 0 0 0 0 0 0 0 0 0 0 0 0 0 1 0 0 0 0 0 0 0 0 0 0 0 0 
0 0 0 0 0 0 0 0 0 0 0 0 0 0 0 0 0 0 0 0 0 0 0 0 0 0 0 0 0 0 0 0 0 0 0 0 0 0 0 0 0 0 0 0 0 0 1 0 0 0 0 0 0 0 0 0 0 0 
0 0 0 0 0 0 0 0 0 0 0 0 0 0 0 0 0 0 0 0 0 0 0 0 0 0 0 0 0 0 0 0 0 0 0 0 0 0 0 0 0 0 0 0 0 0 0 1 0 0 0 0 0 0 0 0 0 0 
0 0 0 0 0 0 0 0 0 0 0 0 0 0 0 0 0 0 0 0 0 0 0 0 0 0 0 0 0 0 0 0 0 0 0 0 0 0 0 0 0 0 0 0 0 0 0 0 1 0 0 0 0 0 0 0 0 0 
0 0 0 0 0 0 0 0 0 0 0 0 0 0 0 0 0 0 0 0 0 0 0 0 0 0 0 0 0 0 0 0 0 0 0 0 0 0 0 0 0 0 0 0 0 0 0 0 0 1 1 0 0 0 0 0 0 0 
0 0 0 0 0 0 0 0 0 0 0 0 0 0 0 0 0 0 0 0 0 0 0 0 0 0 0 0 0 0 0 0 0 0 0 0 0 0 0 0 0 0 0 0 0 0 0 0 0 0 0 1 0 0 0 0 0 0 
0 0 0 0 0 0 0 0 0 0 0 0 0 0 0 0 0 0 0 0 0 0 0 0 0 0 0 0 0 0 0 0 0 0 0 0 0 0 0 0 0 0 0 0 0 0 0 0 0 0 0 0 1 0 0 0 0 0 
0 0 0 0 0 0 0 0 0 0 0 0 0 0 0 0 0 0 0 0 0 0 0 0 0 0 0 0 0 0 0 0 0 0 0 0 0 0 0 0 0 0 0 0 0 0 0 0 0 0 0 0 0 1 0 0 0 0 
0 0 0 0 0 0 0 0 0 0 0 0 0 0 0 0 0 0 0 0 0 0 0 0 0 0 0 0 0 0 0 0 0 0 0 0 0 0 0 0 0 0 0 0 0 0 0 0 0 0 0 0 0 0 1 0 0 0 
0 0 0 0 0 0 0 0 0 0 0 0 0 0 0 0 0 0 0 0 0 0 0 0 0 0 0 0 0 0 0 0 0 0 0 0 0 0 0 0 0 0 0 0 0 0 0 0 0 0 0 0 0 0 0 1 0 0 
0 0 0 0 0 0 0 0 0 0 0 0 0 0 0 0 0 0 0 0 0 0 0 0 0 0 0 0 0 0 0 0 0 0 0 0 0 0 0 0 0 0 0 0 0 0 0 0 0 0 0 0 0 0 0 0 1 0 
0 0 0 0 0 0 0 0 0 0 0 0 0 0 0 0 0 0 0 0 0 0 0 0 0 0 0 0 0 0 0 0 0 0 0 0 0 0 0 0 0 0 0 0 0 0 0 0 0 0 0 0 0 0 0 0 0 1 
0 0 0 0 0 0 0 0 0 0 0 0 0 0 0 0 0 0 0 0 0 0 0 0 0 0 0 0 0 0 0 0 0 0 0 0 0 0 0 0 0 0 0 0 0 0 1 0 0 0 0 0 0 0 0 0 0 0 
0 0 0 1 1 1 1 1 0 0 0 0 0 0 0 0 0 0 0 0 0 0 0 0 0 0 0 0 0 0 0 0 0 0 0 0 0 0 0 0 0 0 0 0 0 0 0 0 0 0 0 0 0 0 0 0 0 0 
13 7 20 14 29 1 33 10 2 36 