10
40
14
65
86400
0.1
0.009207161125319694 0.005 0.005714285714285715 0.003789473684210526 0.003789473684210526 0.008823529411764706 0.010975609756097562 0.0033898305084745766 0.0075630252100840345 0.009207161125319694 0.011145510835913313 0.005 0.009207161125319694 0.0075630252100840345 0.007200000000000001 0.005970149253731343 0.005 0.0125 0.003773584905660377 0.0075630252100840345 0.007200000000000001 0.005970149253731343 0.009207161125319694 0.00909090909090909 0.009207161125319694 0.003773584905660377 0.011250000000000001 0.005333333333333334 0.0033333333333333335 0.003444976076555024 0.0026134301270417425 0.003773584905660377 0.005633802816901409 0.0026134301270417425 0.009625668449197862 0.009523809523809525 0.009207161125319694 0.009207161125319694 0.005714285714285715 0.007407407407407408 
55.24296675191816 30 34.285714285714285 22.736842105263154 22.736842105263154 52.94117647058823 65.85365853658537 20.338983050847457 45.378151260504204 55.24296675191816 66.87306501547988 30 55.24296675191816 45.378151260504204 43.199999999999996 35.82089552238806 30 75 22.64150943396226 45.378151260504204 43.199999999999996 35.82089552238806 55.24296675191816 54.54545454545454 55.24296675191816 22.64150943396226 67.5 32 20 20.66985645933014 15.680580762250454 22.64150943396226 33.80281690140845 15.680580762250454 57.75401069518717 57.142857142857146 55.24296675191816 55.24296675191816 34.285714285714285 44.44444444444444 
92.07161125319693 50 57.142857142857146 37.89473684210526 37.89473684210526 88.23529411764706 109.75609756097562 33.898305084745765 75.63025210084034 92.07161125319693 111.45510835913313 50 92.07161125319693 75.63025210084034 72 59.701492537313435 50 125 37.73584905660377 75.63025210084034 72 59.701492537313435 92.07161125319693 90.9090909090909 92.07161125319693 37.73584905660377 112.5 53.333333333333336 33.333333333333336 34.44976076555024 26.134301270417424 37.73584905660377 56.33802816901409 26.134301270417424 96.25668449197862 95.23809523809524 92.07161125319693 92.07161125319693 57.142857142857146 74.07407407407408 
0 10800 10800 10800 10800 10800 86400 10800 10800 10800 10800 10800 10800 10800 10800 10800 10800 10800 10800 10800 10800 10800 10800 10800 10800 10800 10800 10800 10800 10800 10800 10800 10800 10800 10800 10800 10800 10800 10800 10800 
10800 0 10800 10800 10800 10800 86400 10800 10800 10800 10800 10800 10800 10800 10800 10800 10800 10800 10800 10800 10800 10800 10800 10800 10800 10800 10800 10800 10800 10800 10800 10800 10800 10800 10800 10800 10800 10800 10800 10800 
10800 10800 0 10800 10800 10800 86400 10800 10800 10800 10800 10800 10800 10800 10800 10800 10800 10800 10800 10800 10800 10800 10800 10800 10800 10800 10800 10800 10800 10800 10800 10800 10800 10800 10800 10800 10800 10800 10800 10800 
10800 10800 10800 0 10800 10800 86400 10800 10800 10800 10800 10800 10800 10800 10800 10800 10800 10800 10800 10800 10800 10800 10800 10800 10800 10800 10800 10800 10800 10800 10800 10800 10800 10800 10800 10800 10800 10800 10800 10800 
10800 10800 10800 10800 0 10800 86400 10800 10800 10800 10800 10800 10800 10800 10800 10800 10800 10800 10800 10800 10800 10800 10800 10800 10800 10800 10800 10800 10800 10800 10800 10800 10800 10800 10800 10800 10800 10800 10800 10800 
10800 10800 10800 10800 10800 0 86400 10800 10800 10800 10800 10800 10800 10800 10800 10800 10800 10800 10800 10800 10800 10800 10800 10800 10800 10800 10800 10800 10800 10800 10800 10800 10800 10800 10800 10800 10800 10800 10800 10800 
10800 10800 10800 10800 10800 10800 0 10800 10800 10800 10800 10800 10800 10800 10800 10800 10800 10800 10800 10800 10800 10800 10800 10800 10800 10800 10800 10800 10800 10800 10800 10800 10800 10800 10800 10800 10800 10800 10800 10800 
10800 10800 10800 10800 10800 10800 86400 0 10800 10800 10800 10800 10800 10800 10800 10800 10800 10800 10800 10800 10800 10800 10800 10800 10800 10800 10800 10800 10800 10800 10800 10800 10800 10800 10800 10800 10800 10800 10800 10800 
10800 10800 10800 10800 10800 10800 86400 10800 0 10800 10800 10800 10800 10800 10800 10800 10800 10800 10800 10800 10800 10800 10800 10800 10800 10800 10800 10800 10800 10800 10800 10800 10800 10800 10800 10800 10800 10800 10800 10800 
10800 10800 10800 10800 10800 10800 86400 10800 10800 0 10800 10800 10800 10800 10800 10800 10800 10800 10800 10800 10800 10800 10800 10800 10800 10800 10800 10800 10800 10800 10800 10800 10800 10800 10800 10800 10800 10800 10800 10800 
10800 10800 10800 10800 10800 10800 86400 10800 10800 10800 0 10800 10800 10800 10800 10800 10800 10800 10800 10800 10800 10800 10800 10800 10800 10800 10800 10800 10800 10800 10800 10800 10800 10800 10800 10800 10800 10800 10800 10800 
10800 10800 10800 10800 10800 10800 86400 10800 10800 10800 10800 0 10800 10800 10800 10800 10800 10800 10800 10800 10800 10800 10800 10800 10800 10800 10800 10800 10800 10800 10800 10800 10800 10800 10800 10800 10800 10800 10800 10800 
10800 10800 10800 10800 10800 10800 86400 10800 10800 10800 10800 10800 0 10800 10800 10800 10800 10800 10800 10800 10800 10800 10800 10800 10800 10800 10800 10800 10800 10800 10800 10800 10800 10800 10800 10800 10800 10800 10800 10800 
10800 10800 10800 10800 10800 10800 86400 10800 10800 10800 10800 10800 10800 0 10800 10800 10800 10800 10800 10800 10800 10800 10800 10800 10800 10800 10800 10800 10800 10800 10800 10800 10800 10800 10800 10800 10800 10800 10800 10800 
10800 10800 10800 10800 10800 10800 86400 10800 10800 10800 10800 10800 10800 10800 0 10800 10800 10800 10800 10800 10800 10800 10800 10800 10800 10800 10800 10800 10800 10800 10800 10800 10800 10800 10800 10800 10800 10800 10800 10800 
10800 10800 10800 10800 10800 10800 86400 10800 10800 10800 10800 10800 10800 10800 10800 0 10800 10800 10800 10800 10800 10800 10800 10800 10800 10800 10800 10800 10800 10800 10800 10800 10800 10800 10800 10800 10800 10800 10800 10800 
10800 10800 10800 10800 10800 10800 86400 10800 10800 10800 10800 10800 10800 10800 10800 10800 0 10800 10800 10800 10800 10800 10800 10800 10800 10800 10800 10800 10800 10800 10800 10800 10800 10800 10800 10800 10800 10800 10800 10800 
10800 10800 10800 10800 10800 10800 86400 10800 10800 10800 10800 10800 10800 10800 10800 10800 10800 0 10800 10800 10800 10800 10800 10800 10800 10800 10800 10800 10800 10800 10800 10800 10800 10800 10800 10800 10800 10800 10800 10800 
10800 10800 10800 10800 10800 10800 86400 10800 10800 10800 10800 10800 10800 10800 10800 10800 10800 10800 0 10800 10800 10800 10800 10800 10800 10800 10800 10800 10800 10800 10800 10800 10800 10800 10800 10800 10800 10800 10800 10800 
10800 10800 10800 10800 10800 10800 86400 10800 10800 10800 10800 10800 10800 10800 10800 10800 10800 10800 10800 0 10800 10800 10800 10800 10800 10800 10800 10800 10800 10800 10800 10800 10800 10800 10800 10800 10800 10800 10800 10800 
10800 10800 10800 10800 10800 10800 86400 10800 10800 10800 10800 10800 10800 10800 10800 10800 10800 10800 10800 10800 0 10800 10800 10800 10800 10800 10800 10800 10800 10800 10800 10800 10800 10800 10800 10800 10800 10800 10800 10800 
10800 10800 10800 10800 10800 10800 86400 10800 10800 10800 10800 10800 10800 10800 10800 10800 10800 10800 10800 10800 10800 0 10800 10800 10800 10800 10800 10800 10800 10800 10800 10800 10800 10800 10800 10800 10800 10800 10800 10800 
10800 10800 10800 10800 10800 10800 86400 10800 10800 10800 10800 10800 10800 10800 10800 10800 10800 10800 10800 10800 10800 10800 0 10800 10800 10800 10800 10800 10800 10800 10800 10800 10800 10800 10800 10800 10800 10800 10800 10800 
10800 10800 10800 10800 10800 10800 86400 10800 10800 10800 10800 10800 10800 10800 10800 10800 10800 10800 10800 10800 10800 10800 10800 0 10800 10800 10800 10800 10800 10800 10800 10800 10800 10800 10800 10800 10800 10800 10800 10800 
10800 10800 10800 10800 10800 10800 86400 10800 10800 10800 10800 10800 10800 10800 10800 10800 10800 10800 10800 10800 10800 10800 10800 10800 0 10800 10800 10800 10800 10800 10800 10800 10800 10800 10800 10800 10800 10800 10800 10800 
10800 10800 10800 10800 10800 10800 86400 10800 10800 10800 10800 10800 10800 10800 10800 10800 10800 10800 10800 10800 10800 10800 10800 10800 10800 0 10800 10800 10800 10800 10800 10800 10800 10800 10800 10800 10800 10800 10800 10800 
10800 10800 10800 10800 10800 10800 86400 10800 10800 10800 10800 10800 10800 10800 10800 10800 10800 10800 10800 10800 10800 10800 10800 10800 10800 10800 0 10800 10800 10800 10800 10800 10800 10800 10800 10800 10800 10800 10800 10800 
10800 10800 10800 10800 10800 10800 86400 10800 10800 10800 10800 10800 10800 10800 10800 10800 10800 10800 10800 10800 10800 10800 10800 10800 10800 10800 10800 0 10800 10800 10800 10800 10800 10800 10800 10800 10800 10800 10800 10800 
10800 10800 10800 10800 10800 10800 86400 10800 10800 10800 10800 10800 10800 10800 10800 10800 10800 10800 10800 10800 10800 10800 10800 10800 10800 10800 10800 10800 0 10800 10800 10800 10800 10800 10800 10800 10800 10800 10800 10800 
10800 10800 10800 10800 10800 10800 86400 10800 10800 10800 10800 10800 10800 10800 10800 10800 10800 10800 10800 10800 10800 10800 10800 10800 10800 10800 10800 10800 10800 0 10800 10800 10800 10800 10800 10800 10800 10800 10800 10800 
10800 10800 10800 10800 10800 10800 86400 10800 10800 10800 10800 10800 10800 10800 10800 10800 10800 10800 10800 10800 10800 10800 10800 10800 10800 10800 10800 10800 10800 10800 0 10800 10800 18000 10800 10800 10800 10800 10800 10800 
10800 10800 10800 10800 10800 10800 86400 10800 10800 10800 10800 10800 10800 10800 10800 10800 10800 10800 10800 10800 10800 10800 10800 10800 10800 10800 10800 10800 10800 10800 10800 0 10800 10800 10800 10800 10800 10800 10800 10800 
10800 10800 10800 10800 10800 10800 86400 10800 10800 10800 10800 10800 10800 10800 10800 10800 10800 10800 10800 10800 10800 10800 10800 10800 10800 10800 10800 10800 10800 10800 10800 10800 0 10800 10800 10800 10800 10800 10800 10800 
10800 10800 10800 10800 10800 10800 86400 10800 10800 10800 10800 10800 10800 10800 10800 10800 10800 10800 10800 10800 10800 10800 10800 10800 10800 10800 10800 10800 10800 10800 18000 10800 10800 0 10800 10800 10800 10800 10800 10800 
10800 10800 10800 10800 10800 10800 86400 10800 10800 10800 10800 10800 10800 10800 10800 10800 10800 10800 10800 10800 10800 10800 10800 10800 10800 10800 10800 10800 10800 10800 10800 10800 10800 10800 0 10800 10800 10800 10800 10800 
10800 10800 10800 10800 10800 10800 10800 10800 10800 10800 10800 10800 10800 10800 10800 10800 10800 10800 10800 10800 10800 10800 10800 10800 10800 10800 10800 10800 10800 10800 10800 10800 10800 10800 10800 0 10800 10800 10800 10800 
10800 10800 10800 10800 10800 10800 86400 10800 10800 10800 10800 10800 10800 10800 10800 10800 10800 10800 10800 10800 10800 10800 10800 10800 10800 10800 10800 10800 10800 10800 10800 10800 10800 10800 10800 10800 0 10800 10800 10800 
10800 10800 10800 10800 10800 10800 86400 10800 10800 10800 10800 10800 10800 10800 10800 10800 10800 10800 10800 10800 10800 10800 10800 10800 10800 10800 10800 10800 10800 10800 10800 10800 10800 10800 10800 10800 10800 0 10800 10800 
10800 10800 10800 10800 10800 10800 86400 10800 10800 10800 10800 10800 10800 10800 10800 10800 10800 10800 10800 10800 10800 10800 10800 10800 10800 10800 10800 10800 10800 10800 10800 10800 10800 10800 10800 10800 10800 10800 0 10800 
10800 10800 10800 10800 10800 10800 86400 10800 10800 10800 10800 10800 10800 10800 10800 10800 10800 10800 10800 10800 10800 10800 10800 10800 10800 10800 10800 10800 10800 10800 10800 10800 10800 10800 10800 10800 10800 10800 10800 0 
1800 0 0 0 0 0 0 100 0 0 0 0 0 0 
0 0 0 0 0 0 1900 700 0 0 0 0 0 0 
0 0 0 0 0 900 0 0 0 0 2200 0 1350 0 
0 0 0 720 0 0 0 0 0 0 0 0 0 0 
1360 0 2080 1440 1360 2080 2080 2080 0 1520 0 0 0 0 
0 100 50 0 0 0 0 0 0 0 0 0 0 0 
100 0 0 0 0 0 0 0 0 0 0 0 0 0 
0 0 0 0 0 0 0 0 0 0 0 3200 0 0 
100 0 0 1200 0 0 0 500 0 0 0 0 0 0 
20 0 0 0 0 0 0 0 0 0 0 0 0 0 
0 0 0 0 0 1034 2068 2068 0 506 0 0 0 0 
0 0 0 0 0 2300 0 500 0 0 2100 1100 0 0 
1160 0 0 0 0 760 0 0 0 0 0 0 0 0 
3120 0 0 0 0 0 0 0 0 0 0 0 0 0 
150 0 0 0 0 0 0 0 0 0 0 0 0 0 
0 0 0 0 0 0 1530 1530 0 0 1530 3060 1020 30 
0 0 900 2100 3000 3000 2100 2100 4500 4200 5100 2400 0 0 
480 0 0 0 0 0 0 0 0 0 0 0 0 20 
2940 1560 0 0 0 0 0 0 0 0 0 0 0 0 
240 0 0 0 0 0 0 0 0 0 0 0 0 0 
0 0 0 0 0 0 0 0 0 0 0 0 0 100 
300 0 0 0 0 0 0 0 0 0 0 0 0 0 
0 0 0 0 950 50 0 0 0 0 0 0 0 0 
0 0 260 580 0 20 0 0 0 0 0 0 0 0 
16 0 0 0 0 0 0 0 0 0 0 0 0 0 
5820 1560 60 0 0 0 0 0 0 180 0 60 0 0 
800 0 0 0 0 0 0 0 0 0 0 0 0 0 
660 0 0 0 1800 30 0 0 0 0 0 0 0 0 
0 0 0 570 0 0 0 0 0 0 0 0 0 0 
2790 2070 0 0 1890 0 0 0 0 0 0 0 0 0 
1920 0 0 80 0 0 0 0 0 0 0 0 0 0 
1680 0 0 0 0 0 0 0 0 0 0 0 0 80 
0 0 0 0 0 1060 0 3080 0 1540 1160 0 0 0 
1460 0 0 0 0 0 0 0 0 0 0 0 0 0 
0 0 0 0 4110 0 0 0 0 0 0 0 0 0 
2160 0 0 1080 0 0 0 540 0 0 0 0 0 60 
605 0 0 0 0 0 0 0 0 0 0 0 0 0 
0 0 0 0 0 0 0 2300 1100 1050 2100 2100 5250 4500 
0 0 0 0 0 0 0 300 0 0 0 0 0 0 
465 0 0 0 0 0 0 0 0 0 0 0 0 0 
0 0 1 0 1 0 0 0 1 1 
1 0 0 0 0 0 0 0 0 0 
1 0 0 0 0 0 0 1 0 0 
0 0 1 0 0 0 0 0 0 0 
0 0 1 0 0 0 0 0 0 0 
1 0 0 0 0 0 0 0 0 0 
0 0 0 1 0 0 0 0 0 0 
1 0 0 0 0 0 0 0 0 0 
0 0 0 0 0 0 0 1 0 0 
0 0 0 0 0 0 1 0 0 0 
0 0 1 0 1 0 0 0 0 1 
1 0 0 0 0 0 0 1 0 0 
0 0 0 0 0 0 1 0 1 0 
1 0 0 0 0 0 0 1 1 0 
0 0 0 0 0 0 0 1 1 0 
1 0 0 0 0 0 0 1 1 0 
1 0 0 0 0 0 0 1 0 0 
0 0 0 0 0 1 0 0 0 0 
0 0 0 0 0 0 0 1 1 0 
1 0 0 0 0 0 0 1 1 0 
1 0 0 0 0 0 0 1 0 0 
1 0 0 0 0 0 0 1 1 0 
0 0 1 0 1 0 1 0 1 1 
0 0 0 0 0 1 0 0 0 0 
0 0 1 0 1 0 0 0 0 1 
0 0 1 0 0 0 0 0 1 1 
0 0 0 0 0 1 0 0 0 0 
1 0 0 0 0 0 0 1 1 0 
0 0 1 0 0 0 0 0 0 0 
0 0 1 0 0 0 0 0 0 0 
0 1 0 0 0 0 0 0 0 0 
0 0 0 0 0 0 0 0 1 0 
0 0 1 0 0 0 0 0 0 1 
0 1 0 0 0 0 0 0 0 0 
0 0 1 0 1 0 0 0 0 1 
0 0 0 0 1 1 0 0 0 1 
0 0 1 0 1 0 1 0 1 1 
0 0 1 0 1 0 1 0 1 1 
1 0 0 0 0 0 0 1 0 0 
0 0 1 0 0 1 0 0 0 0 
0.006 0.006 0.006 0.006 0.006 0.006 0.006 0.007 0.007 0.007 
0 0 1 0 1 0 0 0 1 1 
1 0 0 0 0 0 0 0 0 0 
1 0 0 0 0 0 0 1 0 0 
1 0 0 0 0 0 0 1 0 0 
1 0 0 0 0 0 0 1 0 0 
0 0 1 0 0 0 0 0 0 0 
0 0 1 0 0 0 0 0 0 0 
1 0 0 0 0 0 0 0 0 0 
0 0 0 1 0 0 0 0 0 0 
0 0 0 1 0 0 0 0 0 0 
1 0 0 0 0 0 0 0 0 0 
0 0 0 0 0 0 0 1 0 0 
0 0 0 0 0 0 0 1 0 0 
0 0 0 0 0 0 1 0 0 0 
0 0 1 0 1 0 0 0 0 1 
0 0 1 0 1 0 0 0 0 1 
1 0 0 0 0 0 0 1 0 0 
0 0 0 0 0 0 1 0 1 0 
1 0 0 0 0 0 0 1 1 0 
1 0 0 0 0 0 0 1 1 0 
0 0 0 0 0 0 0 1 1 0 
1 0 0 0 0 0 0 1 1 0 
1 0 0 0 0 0 0 1 0 0 
0 0 0 0 0 1 0 0 0 0 
0 0 0 0 0 0 0 1 1 0 
1 0 0 0 0 0 0 1 1 0 
1 0 0 0 0 0 0 1 0 0 
1 0 0 0 0 0 0 1 1 0 
1 0 0 0 0 0 0 1 1 0 
0 0 1 0 1 0 1 0 1 1 
0 0 0 0 0 1 0 0 0 0 
0 0 1 0 1 0 0 0 0 1 
0 0 1 0 0 0 0 0 1 1 
0 0 0 0 0 1 0 0 0 0 
1 0 0 0 0 0 0 1 1 0 
1 0 0 0 0 0 0 1 1 0 
1 0 0 0 0 0 0 1 1 0 
1 0 0 0 0 0 0 0 0 0 
1 0 0 0 0 0 0 0 0 0 
1 0 0 0 0 0 0 0 0 0 
1 0 0 0 0 0 0 1 1 0 
1 0 0 0 0 0 0 1 1 0 
1 0 0 0 0 0 0 1 1 0 
1 0 0 0 0 0 0 1 1 0 
1 0 0 0 0 0 0 1 1 0 
1 0 0 0 0 0 0 1 1 0 
1 0 0 0 0 0 0 1 1 0 
1 0 0 0 0 0 0 1 1 0 
1 0 0 0 0 0 0 1 1 0 
1 0 0 0 0 0 0 1 1 0 
0 0 1 0 0 0 0 0 0 0 
0 0 1 0 0 0 0 0 0 0 
0 0 1 0 0 0 0 0 0 0 
0 1 0 0 0 0 0 0 0 0 
0 0 0 0 0 0 0 0 1 0 
0 0 1 0 0 0 0 0 0 1 
0 0 1 0 0 0 0 0 0 1 
0 0 1 0 1 0 0 0 0 1 
0 0 0 0 1 1 0 0 0 1 
0 0 1 0 1 0 1 0 1 1 
0 0 1 0 1 0 1 0 1 1 
0 0 1 0 1 0 1 0 1 1 
1 0 0 0 0 0 0 1 0 0 
0 0 1 0 0 1 0 0 0 0 
0 0 1 0 0 1 0 0 0 0 
1 0 0 0 0 0 0 0 0 0 0 0 0 0 0 0 0 0 0 0 0 0 0 0 0 0 0 0 0 0 0 0 0 0 0 0 0 0 0 0 0 0 0 0 0 0 0 0 0 0 0 0 0 0 0 0 0 0 0 0 0 0 0 0 0 
0 1 0 0 0 0 0 0 0 0 0 0 0 0 0 0 0 0 0 0 0 0 0 0 0 0 0 0 0 0 0 0 0 0 0 0 0 0 0 0 0 0 0 0 0 0 0 0 0 0 0 0 0 0 0 0 0 0 0 0 0 0 0 0 0 
0 0 1 1 1 0 0 0 0 0 0 0 0 0 0 0 0 0 0 0 0 0 0 0 0 0 0 0 0 0 0 0 0 0 0 0 0 0 0 0 0 0 0 0 0 0 0 0 0 0 0 0 0 0 0 0 0 0 0 0 0 0 0 0 0 
0 0 0 0 0 1 0 0 0 0 0 0 0 0 0 0 0 0 0 0 0 0 0 0 0 0 0 0 0 0 0 0 0 0 0 0 0 0 0 0 0 0 0 0 0 0 0 0 0 0 0 0 0 0 0 0 0 0 0 0 0 0 0 0 0 
0 0 0 0 0 0 1 0 0 0 0 0 0 0 0 0 0 0 0 0 0 0 0 0 0 0 0 0 0 0 0 0 0 0 0 0 0 0 0 0 0 0 0 0 0 0 0 0 0 0 0 0 0 0 0 0 0 0 0 0 0 0 0 0 0 
0 0 0 0 0 0 0 1 0 0 0 0 0 0 0 0 0 0 0 0 0 0 0 0 0 0 0 0 0 0 0 0 0 0 0 0 0 0 0 0 0 0 0 0 0 0 0 0 0 0 0 0 0 0 0 0 0 0 0 0 0 0 0 0 0 
0 0 0 0 0 0 0 0 1 1 0 0 0 0 0 0 0 0 0 0 0 0 0 0 0 0 0 0 0 0 0 0 0 0 0 0 0 0 0 0 0 0 0 0 0 0 0 0 0 0 0 0 0 0 0 0 0 0 0 0 0 0 0 0 0 
0 0 0 0 0 0 0 0 0 0 1 0 0 0 0 0 0 0 0 0 0 0 0 0 0 0 0 0 0 0 0 0 0 0 0 0 0 0 0 0 0 0 0 0 0 0 0 0 0 0 0 0 0 0 0 0 0 0 0 0 0 0 0 0 0 
0 0 0 0 0 0 0 0 0 0 0 1 1 0 0 0 0 0 0 0 0 0 0 0 0 0 0 0 0 0 0 0 0 0 0 0 0 0 0 0 0 0 0 0 0 0 0 0 0 0 0 0 0 0 0 0 0 0 0 0 0 0 0 0 0 
0 0 0 0 0 0 0 0 0 0 0 0 0 1 0 0 0 0 0 0 0 0 0 0 0 0 0 0 0 0 0 0 0 0 0 0 0 0 0 0 0 0 0 0 0 0 0 0 0 0 0 0 0 0 0 0 0 0 0 0 0 0 0 0 0 
0 0 0 0 0 0 0 0 0 0 0 0 0 0 1 1 0 0 0 0 0 0 0 0 0 0 0 0 0 0 0 0 0 0 0 0 0 0 0 0 0 0 0 0 0 0 0 0 0 0 0 0 0 0 0 0 0 0 0 0 0 0 0 0 0 
0 0 0 0 0 0 0 0 0 0 0 0 0 0 0 0 1 0 0 0 0 0 0 0 0 0 0 0 0 0 0 0 0 0 0 0 0 0 0 0 0 0 0 0 0 0 0 0 0 0 0 0 0 0 0 0 0 0 0 0 0 0 0 0 0 
0 0 0 0 0 0 0 0 0 0 0 0 0 0 0 0 0 1 0 0 0 0 0 0 0 0 0 0 0 0 0 0 0 0 0 0 0 0 0 0 0 0 0 0 0 0 0 0 0 0 0 0 0 0 0 0 0 0 0 0 0 0 0 0 0 
0 0 0 0 0 0 0 0 0 0 0 0 0 0 0 0 0 0 1 1 0 0 0 0 0 0 0 0 0 0 0 0 0 0 0 0 0 0 0 0 0 0 0 0 0 0 0 0 0 0 0 0 0 0 0 0 0 0 0 0 0 0 0 0 0 
0 0 0 0 0 0 0 0 0 0 0 0 0 0 0 0 0 0 0 0 1 0 0 0 0 0 0 0 0 0 0 0 0 0 0 0 0 0 0 0 0 0 0 0 0 0 0 0 0 0 0 0 0 0 0 0 0 0 0 0 0 0 0 0 0 
0 0 0 0 0 0 0 0 0 0 0 0 0 0 0 0 0 0 0 0 0 1 0 0 0 0 0 0 0 0 0 0 0 0 0 0 0 0 0 0 0 0 0 0 0 0 0 0 0 0 0 0 0 0 0 0 0 0 0 0 0 0 0 0 0 
0 0 0 0 0 0 0 0 0 0 0 0 0 0 0 0 0 0 0 0 0 0 1 0 0 0 0 0 0 0 0 0 0 0 0 0 0 0 0 0 0 0 0 0 0 0 0 0 0 0 0 0 0 0 0 0 0 0 0 0 0 0 0 0 0 
0 0 0 0 0 0 0 0 0 0 0 0 0 0 0 0 0 0 0 0 0 0 0 1 0 0 0 0 0 0 0 0 0 0 0 0 0 0 0 0 0 0 0 0 0 0 0 0 0 0 0 0 0 0 0 0 0 0 0 0 0 0 0 0 0 
0 0 0 0 0 0 0 0 0 0 0 0 0 0 0 0 0 0 0 0 0 0 0 0 1 0 0 0 0 0 0 0 0 0 0 0 0 0 0 0 0 0 0 0 0 0 0 0 0 0 0 0 0 0 0 0 0 0 0 0 0 0 0 0 0 
0 0 0 0 0 0 0 0 0 0 0 0 0 0 0 0 0 0 0 0 0 0 0 0 0 1 0 0 0 0 0 0 0 0 0 0 0 0 0 0 0 0 0 0 0 0 0 0 0 0 0 0 0 0 0 0 0 0 0 0 0 0 0 0 0 
0 0 0 0 0 0 0 0 0 0 0 0 0 0 0 0 0 0 0 0 0 0 0 0 0 0 1 0 0 0 0 0 0 0 0 0 0 0 0 0 0 0 0 0 0 0 0 0 0 0 0 0 0 0 0 0 0 0 0 0 0 0 0 0 0 
0 0 0 0 0 0 0 0 0 0 0 0 0 0 0 0 0 0 0 0 0 0 0 0 0 0 0 1 1 0 0 0 0 0 0 0 0 0 0 0 0 0 0 0 0 0 0 0 0 0 0 0 0 0 0 0 0 0 0 0 0 0 0 0 0 
0 0 0 0 0 0 0 0 0 0 0 0 0 0 0 0 0 0 0 0 0 0 0 0 0 0 0 0 0 1 0 0 0 0 0 0 0 0 0 0 0 0 0 0 0 0 0 0 0 0 0 0 0 0 0 0 0 0 0 0 0 0 0 0 0 
0 0 0 0 0 0 0 0 0 0 0 0 0 0 0 0 0 0 0 0 0 0 0 0 0 0 0 0 0 0 1 0 0 0 0 0 0 0 0 0 0 0 0 0 0 0 0 0 0 0 0 0 0 0 0 0 0 0 0 0 0 0 0 0 0 
0 0 0 0 0 0 0 0 0 0 0 0 0 0 0 0 0 0 0 0 0 0 0 0 0 0 0 0 0 0 0 1 0 0 0 0 0 0 0 0 0 0 0 0 0 0 0 0 0 0 0 0 0 0 0 0 0 0 0 0 0 0 0 0 0 
0 0 0 0 0 0 0 0 0 0 0 0 0 0 0 0 0 0 0 0 0 0 0 0 0 0 0 0 0 0 0 0 1 0 0 0 0 0 0 0 0 0 0 0 0 0 0 0 0 0 0 0 0 0 0 0 0 0 0 0 0 0 0 0 0 
0 0 0 0 0 0 0 0 0 0 0 0 0 0 0 0 0 0 0 0 0 0 0 0 0 0 0 0 0 0 0 0 0 1 0 0 0 0 0 0 0 0 0 0 0 0 0 0 0 0 0 0 0 0 0 0 0 0 0 0 0 0 0 0 0 
0 0 0 0 0 0 0 0 0 0 0 0 0 0 0 0 0 0 0 0 0 0 0 0 0 0 0 0 0 0 0 0 0 0 1 1 1 1 1 1 1 1 1 1 1 1 1 1 1 1 0 0 0 0 0 0 0 0 0 0 0 0 0 0 0 
0 0 0 0 0 0 0 0 0 0 0 0 0 0 0 0 0 0 0 0 0 0 0 0 0 0 0 0 0 0 0 0 0 0 0 0 0 0 0 0 0 0 0 0 0 0 0 0 0 0 1 0 0 0 0 0 0 0 0 0 0 0 0 0 0 
0 0 0 0 0 0 0 0 0 0 0 0 0 0 0 0 0 0 0 0 0 0 0 0 0 0 0 0 0 0 0 0 0 0 0 0 0 0 0 0 0 0 0 0 0 0 0 0 0 0 0 1 1 0 0 0 0 0 0 0 0 0 0 0 0 
0 0 0 0 0 0 0 0 0 0 0 0 0 0 0 0 0 0 0 0 0 0 0 0 0 0 0 0 0 0 0 0 0 0 0 0 0 0 0 0 0 0 0 0 0 0 0 0 0 0 0 0 0 1 0 0 0 0 0 0 0 0 0 0 0 
0 0 0 0 0 0 0 0 0 0 0 0 0 0 0 0 0 0 0 0 0 0 0 0 0 0 0 0 0 0 0 0 0 0 0 0 0 0 0 0 0 0 0 0 0 0 0 0 0 0 0 0 0 0 1 0 0 0 0 0 0 0 0 0 0 
0 0 0 0 0 0 0 0 0 0 0 0 0 0 0 0 0 0 0 0 0 0 0 0 0 0 0 0 0 0 0 0 0 0 0 0 0 0 0 0 0 0 0 0 0 0 0 0 0 0 0 0 0 0 0 1 1 0 0 0 0 0 0 0 0 
0 0 0 0 0 0 0 0 0 0 0 0 0 0 0 0 0 0 0 0 0 0 0 0 0 0 0 0 0 0 0 0 0 0 0 0 0 0 0 0 0 0 0 0 0 0 0 0 0 0 0 0 0 1 0 0 0 0 0 0 0 0 0 0 0 
0 0 0 0 0 0 0 0 0 0 0 0 0 0 0 0 0 0 0 0 0 0 0 0 0 0 0 0 0 0 0 0 0 0 0 0 0 0 0 0 0 0 0 0 0 0 0 0 0 0 0 0 0 0 0 0 0 1 0 0 0 0 0 0 0 
0 0 0 0 0 0 0 0 0 0 0 0 0 0 0 0 0 0 0 0 0 0 0 0 0 0 0 0 0 0 0 0 0 0 0 0 0 0 0 0 0 0 0 0 0 0 0 0 0 0 0 0 0 0 0 0 0 0 1 0 0 0 0 0 0 
0 0 0 0 0 0 0 0 0 0 0 0 0 0 0 0 0 0 0 0 0 0 0 0 0 0 0 0 0 0 0 0 0 0 0 0 0 0 0 0 0 0 0 0 0 0 0 0 0 0 0 0 0 0 0 0 0 0 0 1 0 0 0 0 0 
0 0 0 0 0 0 0 0 0 0 0 0 0 0 0 0 0 0 0 0 0 0 0 0 0 0 0 0 0 0 0 0 0 0 0 0 0 0 0 0 0 0 0 0 0 0 0 0 0 0 0 0 0 0 0 0 0 0 0 0 1 1 0 0 0 
0 0 0 0 0 0 0 0 0 0 0 0 0 0 0 0 0 0 0 0 0 0 0 0 0 0 0 0 0 0 0 0 0 0 0 0 0 0 0 0 0 0 0 0 0 0 0 0 0 0 0 0 0 0 0 0 0 0 0 0 0 0 1 0 0 
0 0 0 0 0 0 0 0 0 0 0 0 0 0 0 0 0 0 0 0 0 0 0 0 0 0 0 0 0 0 0 0 0 0 0 0 0 0 0 0 0 0 0 0 0 0 0 0 0 0 0 0 0 0 0 0 0 0 0 0 0 0 0 1 1 
3 31 35 7 23 18 13 19 1 35 