10
20
14
53
86400
0.1
0.004 0.006153846153846155 0.006557377049180328 0.0075630252100840345 0.005 0.01 0.005970149253731343 0.007407407407407408 0.005 0.009625668449197862 0.0026134301270417425 0.003444976076555024 0.00816326530612245 0.005714285714285715 0.005333333333333334 0.005633802816901409 0.007200000000000001 0.0075630252100840345 0.0025 0.009207161125319694 
24 36.92307692307692 39.34426229508196 45.378151260504204 30 60 35.82089552238806 44.44444444444444 30 57.75401069518717 15.680580762250454 20.66985645933014 48.97959183673469 34.285714285714285 32 33.80281690140845 43.199999999999996 45.378151260504204 15 55.24296675191816 
40 61.53846153846154 65.57377049180327 75.63025210084034 50 100 59.701492537313435 74.07407407407408 50 96.25668449197862 26.134301270417424 34.44976076555024 81.63265306122449 57.142857142857146 53.333333333333336 56.33802816901409 72 75.63025210084034 25 92.07161125319693 
0 10800 10800 86400 10800 10800 10800 10800 10800 10800 10800 10800 10800 10800 86400 10800 10800 10800 10800 10800 
10800 0 10800 86400 10800 10800 10800 10800 10800 10800 10800 10800 10800 10800 86400 10800 10800 10800 10800 10800 
10800 10800 0 86400 10800 10800 10800 10800 10800 10800 10800 10800 10800 10800 86400 10800 10800 10800 10800 10800 
10800 10800 10800 0 10800 10800 10800 10800 10800 10800 10800 10800 10800 10800 86400 10800 10800 10800 10800 10800 
10800 10800 10800 86400 0 10800 10800 10800 10800 10800 10800 10800 10800 10800 86400 10800 10800 10800 10800 10800 
10800 10800 10800 10800 10800 0 10800 10800 10800 10800 10800 10800 10800 10800 10800 10800 10800 10800 10800 10800 
10800 10800 10800 86400 10800 10800 0 10800 10800 10800 10800 10800 10800 10800 86400 10800 10800 10800 10800 10800 
10800 10800 10800 86400 10800 10800 10800 0 10800 10800 10800 10800 10800 10800 86400 10800 10800 10800 10800 10800 
10800 10800 10800 86400 10800 10800 10800 10800 0 10800 10800 10800 10800 10800 86400 10800 10800 10800 10800 10800 
10800 10800 10800 86400 10800 10800 10800 10800 10800 0 10800 10800 10800 10800 86400 10800 10800 10800 10800 10800 
10800 10800 10800 86400 10800 10800 10800 10800 10800 10800 0 10800 10800 10800 86400 10800 10800 10800 10800 10800 
10800 10800 10800 86400 10800 10800 10800 10800 10800 10800 10800 0 10800 10800 86400 10800 10800 10800 10800 10800 
10800 10800 10800 86400 10800 10800 10800 10800 10800 10800 10800 10800 0 10800 86400 10800 10800 10800 10800 10800 
10800 10800 10800 86400 10800 10800 10800 10800 10800 10800 10800 10800 10800 0 86400 10800 10800 10800 10800 10800 
10800 10800 10800 86400 10800 10800 10800 10800 10800 10800 10800 10800 10800 10800 0 10800 10800 10800 10800 10800 
10800 10800 10800 86400 10800 10800 10800 10800 10800 10800 10800 10800 10800 10800 86400 0 10800 10800 10800 10800 
10800 10800 10800 86400 10800 10800 10800 10800 10800 10800 10800 10800 10800 10800 86400 10800 0 10800 10800 10800 
10800 10800 10800 86400 10800 10800 10800 10800 10800 10800 10800 10800 10800 10800 86400 10800 10800 0 10800 10800 
10800 10800 10800 86400 10800 10800 10800 10800 10800 10800 10800 10800 10800 10800 86400 10800 10800 10800 0 10800 
10800 10800 10800 86400 10800 10800 10800 10800 10800 10800 10800 10800 10800 10800 86400 10800 10800 10800 10800 0 
0 0 0 0 460 5060 1610 2990 1840 3220 1610 3220 4830 3450 
765 0 0 0 1530 2940 0 0 0 0 15 0 0 0 
0 0 0 1540 1798 0 0 0 0 0 0 0 0 0 
0 0 0 0 0 0 0 160 0 0 0 0 0 0 
0 0 900 2100 3000 3000 2100 2100 4500 4200 5100 2400 0 0 
0 0 0 0 0 363 0 0 0 0 0 0 0 0 
0 0 0 1980 0 0 1560 0 1530 1530 1530 0 3060 240 
195 0 0 0 0 0 0 0 0 0 0 0 0 0 
0 0 1300 0 1600 1400 0 400 2100 0 0 2100 0 0 
550 750 0 50 1100 0 0 0 0 0 0 0 0 0 
1460 0 0 0 0 0 0 0 0 0 0 0 0 0 
0 0 0 1500 2100 4200 1600 3900 2100 2100 2100 4200 5200 800 
210 0 0 0 0 0 0 0 0 0 0 0 0 9 
0 0 0 0 4200 2100 2100 0 0 0 0 0 0 0 
0 0 0 0 1050 0 0 0 0 0 720 0 0 30 
1540 1540 0 0 0 1540 1720 0 0 0 0 1540 0 1040 
150 0 0 0 0 0 0 0 0 0 0 0 0 0 
480 0 1040 2080 1040 0 0 0 0 0 0 0 0 0 
0 0 2760 8050 8050 6440 9660 6440 1610 4830 9660 2070 0 0 
0 0 0 0 950 50 0 0 0 0 0 0 0 0 
0 0 0 0 0 0 0 0 0 1 
0 0 0 1 0 1 0 0 0 0 
0 0 0 1 0 1 0 0 0 0 
0 0 0 0 0 0 1 0 0 1 
0 0 0 0 0 0 1 0 1 0 
0 0 0 0 1 0 0 0 0 0 
0 0 0 0 0 0 1 0 1 1 
0 1 1 1 0 1 0 0 0 0 
0 0 0 0 0 0 1 0 1 0 
0 0 0 1 0 1 0 0 0 0 
1 0 0 0 0 0 0 0 1 0 
1 0 0 0 0 0 0 0 1 0 
0 1 1 0 1 0 0 0 0 0 
0 0 0 0 0 0 1 0 1 0 
0 0 0 0 0 0 1 1 1 1 
0 0 0 1 0 1 0 0 0 0 
0 0 0 0 0 0 1 0 0 1 
0 0 0 0 0 0 1 0 0 1 
0 0 0 0 0 0 0 0 0 1 
0 0 0 1 0 1 0 0 0 1 
0.006 0.006 0.006 0.006 0.006 0.006 0.006 0.007 0.007 0.007 
0 0 0 0 0 0 0 0 0 1 
0 0 0 1 0 1 0 0 0 0 
0 0 0 0 0 1 0 0 0 0 
0 0 0 1 0 1 0 0 0 0 
0 0 0 1 0 1 0 0 0 0 
0 0 0 1 0 1 0 0 0 0 
0 0 0 0 0 1 0 0 0 0 
0 0 0 1 0 1 0 0 0 0 
0 0 0 0 0 0 1 0 0 0 
0 0 0 0 0 0 1 0 0 1 
0 0 0 0 0 0 1 0 0 1 
0 0 0 0 0 0 1 0 0 1 
0 0 0 0 0 0 1 0 1 0 
0 0 0 0 1 0 0 0 0 0 
0 0 0 0 0 0 1 0 1 1 
0 1 1 1 0 1 0 0 0 0 
0 1 1 1 0 1 0 0 0 0 
0 0 0 0 0 0 1 0 1 0 
0 0 0 1 0 1 0 0 0 0 
1 0 0 0 0 0 0 0 1 0 
1 0 0 0 0 0 0 0 1 0 
1 0 0 0 0 0 0 0 1 0 
1 0 0 0 0 0 0 0 1 0 
1 0 0 0 0 0 0 0 1 0 
0 1 1 0 0 0 0 0 0 0 
0 1 1 0 1 0 0 0 0 0 
0 1 1 0 0 0 0 0 0 0 
0 1 1 0 0 0 0 0 0 0 
0 0 0 0 0 0 1 0 1 0 
0 0 0 0 0 0 1 0 1 0 
0 0 0 0 0 0 1 0 1 0 
0 0 0 0 0 0 1 0 1 1 
0 0 0 0 0 0 1 0 1 1 
0 0 0 0 0 0 1 0 1 1 
0 0 0 0 0 0 0 1 1 0 
0 0 0 0 0 0 0 1 1 0 
0 0 0 0 0 0 0 1 1 0 
0 0 0 0 0 0 1 0 1 1 
0 0 0 0 0 0 1 1 1 1 
0 0 0 0 0 0 1 1 1 1 
0 0 0 0 0 0 1 0 1 1 
0 0 0 0 0 0 1 1 1 1 
0 0 0 0 0 0 1 0 1 1 
0 0 0 0 0 0 1 1 1 1 
0 0 0 0 0 0 1 0 1 1 
0 0 0 0 0 0 1 0 1 1 
0 0 0 0 0 0 1 0 1 1 
0 0 0 0 0 1 0 0 0 0 
0 0 0 1 0 1 0 0 0 0 
0 0 0 0 0 0 1 0 0 1 
0 0 0 0 0 0 1 0 0 1 
0 0 0 0 0 0 0 0 0 1 
0 0 0 1 0 1 0 0 0 1 
1 0 0 0 0 0 0 0 0 0 0 0 0 0 0 0 0 0 0 0 0 0 0 0 0 0 0 0 0 0 0 0 0 0 0 0 0 0 0 0 0 0 0 0 0 0 0 0 0 0 0 0 0 
0 1 1 1 1 1 0 0 0 0 0 0 0 0 0 0 0 0 0 0 0 0 0 0 0 0 0 0 0 0 0 0 0 0 0 0 0 0 0 0 0 0 0 0 0 0 0 0 0 0 0 0 0 
0 0 0 0 0 0 1 1 0 0 0 0 0 0 0 0 0 0 0 0 0 0 0 0 0 0 0 0 0 0 0 0 0 0 0 0 0 0 0 0 0 0 0 0 0 0 0 0 0 0 0 0 0 
0 0 0 0 0 0 0 0 1 1 1 1 0 0 0 0 0 0 0 0 0 0 0 0 0 0 0 0 0 0 0 0 0 0 0 0 0 0 0 0 0 0 0 0 0 0 0 0 0 0 0 0 0 
0 0 0 0 0 0 0 0 0 0 0 0 1 0 0 0 0 0 0 0 0 0 0 0 0 0 0 0 0 0 0 0 0 0 0 0 0 0 0 0 0 0 0 0 0 0 0 0 0 0 0 0 0 
0 0 0 0 0 0 0 0 0 0 0 0 0 1 0 0 0 0 0 0 0 0 0 0 0 0 0 0 0 0 0 0 0 0 0 0 0 0 0 0 0 0 0 0 0 0 0 0 0 0 0 0 0 
0 0 0 0 0 0 0 0 0 0 0 0 0 0 1 0 0 0 0 0 0 0 0 0 0 0 0 0 0 0 0 0 0 0 0 0 0 0 0 0 0 0 0 0 0 0 0 0 0 0 0 0 0 
0 0 0 0 0 0 0 0 0 0 0 0 0 0 0 1 1 0 0 0 0 0 0 0 0 0 0 0 0 0 0 0 0 0 0 0 0 0 0 0 0 0 0 0 0 0 0 0 0 0 0 0 0 
0 0 0 0 0 0 0 0 0 0 0 0 0 0 0 0 0 1 0 0 0 0 0 0 0 0 0 0 0 0 0 0 0 0 0 0 0 0 0 0 0 0 0 0 0 0 0 0 0 0 0 0 0 
0 0 0 0 0 0 0 0 0 0 0 0 0 0 0 0 0 0 1 0 0 0 0 0 0 0 0 0 0 0 0 0 0 0 0 0 0 0 0 0 0 0 0 0 0 0 0 0 0 0 0 0 0 
0 0 0 0 0 0 0 0 0 0 0 0 0 0 0 0 0 0 0 1 0 0 0 0 0 0 0 0 0 0 0 0 0 0 0 0 0 0 0 0 0 0 0 0 0 0 0 0 0 0 0 0 0 
0 0 0 0 0 0 0 0 0 0 0 0 0 0 0 0 0 0 0 0 1 1 1 1 0 0 0 0 0 0 0 0 0 0 0 0 0 0 0 0 0 0 0 0 0 0 0 0 0 0 0 0 0 
0 0 0 0 0 0 0 0 0 0 0 0 0 0 0 0 0 0 0 0 0 0 0 0 1 1 1 1 0 0 0 0 0 0 0 0 0 0 0 0 0 0 0 0 0 0 0 0 0 0 0 0 0 
0 0 0 0 0 0 0 0 0 0 0 0 0 0 0 0 0 0 0 0 0 0 0 0 0 0 0 0 1 1 1 0 0 0 0 0 0 0 0 0 0 0 0 0 0 0 0 0 0 0 0 0 0 
0 0 0 0 0 0 0 0 0 0 0 0 0 0 0 0 0 0 0 0 0 0 0 0 0 0 0 0 0 0 0 1 1 1 1 1 1 1 1 1 1 1 1 1 1 1 1 0 0 0 0 0 0 
0 0 0 0 0 0 0 0 0 0 0 0 0 0 0 0 0 0 0 0 0 0 0 0 0 0 0 0 0 0 0 0 0 0 0 0 0 0 0 0 0 0 0 0 0 0 0 1 1 0 0 0 0 
0 0 0 0 0 0 0 0 0 0 0 0 0 0 0 0 0 0 0 0 0 0 0 0 0 0 0 0 0 0 0 0 0 0 0 0 0 0 0 0 0 0 0 0 0 0 0 0 0 1 0 0 0 
0 0 0 0 0 0 0 0 0 0 0 0 0 0 0 0 0 0 0 0 0 0 0 0 0 0 0 0 0 0 0 0 0 0 0 0 0 0 0 0 0 0 0 0 0 0 0 0 0 0 1 0 0 
0 0 0 0 0 0 0 0 0 0 0 0 0 0 0 0 0 0 0 0 0 0 0 0 0 0 0 0 0 0 0 0 0 0 0 0 0 0 0 0 0 0 0 0 0 0 0 0 0 0 0 1 0 
0 0 0 0 0 0 0 0 0 0 0 0 0 0 0 0 0 0 0 0 0 0 0 0 0 0 0 0 0 0 0 0 0 0 0 0 0 0 0 0 0 0 0 0 0 0 0 0 0 0 0 0 1 
11 8 8 10 6 2 5 15 11 17 