20
80
14
121
86400
0.1
0.01 0.009625668449197862 0.007200000000000001 0.014545454545454547 0.0075630252100840345 0.0058823529411764705 0.009625668449197862 0.006153846153846155 0.009625668449197862 0.0026134301270417425 0.011145510835913313 0.016071428571428573 0.0075630252100840345 0.009207161125319694 0.007200000000000001 0.011145510835913313 0.0028492283339928773 0.003157894736842105 0.009375 0.005714285714285715 0.005970149253731343 0.011145510835913313 0.009625668449197862 0.009625668449197862 0.009230769230769232 0.003444976076555024 0.008470588235294119 0.011250000000000001 0.005 0.009207161125319694 0.007178464606181456 0.0028927280032141423 0.0026134301270417425 0.009207161125319694 0.0027067669172932333 0.0033898305084745766 0.009207161125319694 0.0026134301270417425 0.011250000000000001 0.005 0.003444976076555024 0.006557377049180328 0.009207161125319694 0.010975609756097562 0.003773584905660377 0.01 0.009625668449197862 0.00909090909090909 0.005633802816901409 0.009625668449197862 0.005333333333333334 0.0027067669172932333 0.009625668449197862 0.0028927280032141423 0.010975609756097562 0.003609022556390978 0.005970149253731343 0.0028492283339928773 0.0075630252100840345 0.005970149253731343 0.0037151702786377707 0.00909090909090909 0.009625668449197862 0.009207161125319694 0.011145510835913313 0.0039603960396039604 0.005 0.005333333333333334 0.011145510835913313 0.009625668449197862 0.003789473684210526 0.009625668449197862 0.004 0.008470588235294119 0.009625668449197862 0.007058823529411766 0.007407407407407408 0.003413940256045519 0.011145510835913313 0.013636363636363637 
60 57.75401069518717 43.199999999999996 87.27272727272728 45.378151260504204 35.29411764705882 57.75401069518717 36.92307692307692 57.75401069518717 15.680580762250454 66.87306501547988 96.42857142857143 45.378151260504204 55.24296675191816 43.199999999999996 66.87306501547988 17.095370003957264 18.94736842105263 56.25 34.285714285714285 35.82089552238806 66.87306501547988 57.75401069518717 57.75401069518717 55.38461538461538 20.66985645933014 50.8235294117647 67.5 30 55.24296675191816 43.070787637088735 17.35636801928485 15.680580762250454 55.24296675191816 16.240601503759397 20.338983050847457 55.24296675191816 15.680580762250454 67.5 30 20.66985645933014 39.34426229508196 55.24296675191816 65.85365853658537 22.64150943396226 60 57.75401069518717 54.54545454545454 33.80281690140845 57.75401069518717 32 16.240601503759397 57.75401069518717 17.35636801928485 65.85365853658537 21.654135338345863 35.82089552238806 17.095370003957264 45.378151260504204 35.82089552238806 22.291021671826623 54.54545454545454 57.75401069518717 55.24296675191816 66.87306501547988 23.762376237623762 30 32 66.87306501547988 57.75401069518717 22.736842105263154 57.75401069518717 24 50.8235294117647 57.75401069518717 42.35294117647059 44.44444444444444 20.48364153627311 66.87306501547988 81.81818181818183 
100 96.25668449197862 72 145.45454545454547 75.63025210084034 58.8235294117647 96.25668449197862 61.53846153846154 96.25668449197862 26.134301270417424 111.45510835913313 160.71428571428572 75.63025210084034 92.07161125319693 72 111.45510835913313 28.492283339928772 31.57894736842105 93.75 57.142857142857146 59.701492537313435 111.45510835913313 96.25668449197862 96.25668449197862 92.3076923076923 34.44976076555024 84.70588235294117 112.5 50 92.07161125319693 71.78464606181456 28.92728003214142 26.134301270417424 92.07161125319693 27.06766917293233 33.898305084745765 92.07161125319693 26.134301270417424 112.5 50 34.44976076555024 65.57377049180327 92.07161125319693 109.75609756097562 37.73584905660377 100 96.25668449197862 90.9090909090909 56.33802816901409 96.25668449197862 53.333333333333336 27.06766917293233 96.25668449197862 28.92728003214142 109.75609756097562 36.090225563909776 59.701492537313435 28.492283339928772 75.63025210084034 59.701492537313435 37.151702786377705 90.9090909090909 96.25668449197862 92.07161125319693 111.45510835913313 39.603960396039604 50 53.333333333333336 111.45510835913313 96.25668449197862 37.89473684210526 96.25668449197862 40 84.70588235294117 96.25668449197862 70.58823529411765 74.07407407407408 34.13940256045519 111.45510835913313 136.36363636363637 
0 10800 10800 10800 10800 10800 10800 10800 10800 10800 10800 10800 10800 10800 10800 10800 10800 10800 10800 86400 10800 10800 10800 10800 10800 10800 10800 10800 10800 10800 10800 10800 10800 10800 10800 10800 10800 10800 10800 10800 10800 10800 10800 86400 10800 10800 10800 10800 10800 10800 10800 10800 10800 10800 10800 10800 10800 10800 86400 86400 10800 10800 10800 10800 10800 10800 10800 10800 10800 10800 10800 10800 10800 10800 10800 10800 10800 10800 10800 10800 
10800 0 10800 10800 10800 10800 10800 10800 10800 10800 10800 10800 10800 10800 10800 10800 10800 10800 10800 86400 10800 10800 10800 10800 10800 10800 10800 10800 10800 10800 10800 10800 10800 10800 10800 10800 10800 10800 10800 10800 10800 10800 10800 86400 10800 10800 10800 10800 10800 10800 10800 10800 10800 10800 10800 10800 10800 10800 86400 86400 10800 10800 10800 10800 10800 10800 10800 10800 10800 10800 10800 10800 10800 10800 10800 10800 10800 10800 10800 10800 
10800 10800 0 10800 10800 10800 10800 10800 10800 10800 10800 10800 10800 10800 10800 10800 10800 10800 10800 86400 10800 10800 10800 10800 10800 10800 10800 10800 10800 10800 10800 10800 10800 10800 10800 10800 10800 10800 10800 10800 10800 10800 10800 86400 10800 10800 10800 10800 10800 10800 10800 10800 10800 10800 10800 10800 10800 10800 86400 86400 10800 10800 10800 10800 10800 10800 10800 10800 10800 10800 10800 10800 10800 10800 10800 10800 10800 10800 10800 10800 
10800 10800 10800 0 10800 10800 10800 10800 10800 10800 10800 10800 10800 10800 10800 10800 10800 10800 10800 86400 10800 10800 10800 10800 10800 10800 10800 10800 10800 10800 10800 10800 10800 10800 10800 10800 10800 10800 10800 10800 10800 10800 10800 86400 10800 10800 10800 10800 10800 10800 10800 10800 10800 10800 10800 10800 10800 10800 86400 86400 10800 10800 10800 10800 10800 10800 10800 10800 10800 10800 10800 10800 10800 10800 10800 10800 10800 10800 10800 10800 
10800 10800 10800 10800 0 10800 10800 10800 10800 10800 10800 10800 10800 10800 10800 10800 10800 10800 10800 86400 10800 10800 10800 10800 10800 10800 10800 10800 10800 10800 10800 10800 10800 10800 10800 10800 10800 10800 10800 10800 10800 10800 10800 86400 10800 10800 10800 10800 10800 10800 10800 10800 10800 10800 10800 10800 10800 10800 86400 86400 10800 10800 10800 10800 10800 10800 10800 10800 10800 10800 10800 10800 10800 10800 10800 10800 10800 10800 10800 10800 
10800 10800 10800 10800 10800 0 10800 10800 10800 10800 10800 10800 10800 10800 10800 10800 10800 10800 10800 86400 10800 10800 10800 10800 10800 10800 10800 10800 10800 10800 10800 10800 10800 10800 10800 10800 10800 10800 10800 10800 10800 10800 10800 86400 10800 10800 10800 10800 10800 10800 10800 10800 10800 10800 10800 10800 10800 10800 86400 86400 10800 10800 10800 10800 10800 10800 10800 10800 10800 10800 10800 10800 10800 10800 10800 10800 10800 10800 10800 10800 
10800 10800 10800 10800 10800 10800 0 10800 10800 10800 10800 10800 10800 10800 10800 10800 10800 10800 10800 86400 10800 10800 10800 10800 10800 10800 10800 10800 10800 10800 10800 10800 10800 10800 10800 10800 10800 10800 10800 10800 10800 10800 10800 86400 10800 10800 10800 10800 10800 10800 10800 10800 10800 10800 10800 10800 10800 10800 86400 86400 10800 10800 10800 10800 10800 10800 10800 10800 10800 10800 10800 10800 10800 10800 10800 10800 10800 10800 10800 10800 
10800 10800 10800 10800 10800 10800 10800 0 10800 10800 10800 10800 10800 10800 10800 10800 10800 10800 10800 86400 10800 10800 10800 10800 10800 10800 10800 10800 10800 10800 10800 10800 10800 10800 10800 10800 10800 10800 10800 10800 10800 10800 10800 86400 10800 10800 10800 10800 10800 10800 10800 10800 10800 10800 10800 10800 10800 10800 86400 86400 10800 10800 10800 10800 10800 10800 10800 10800 10800 10800 10800 10800 10800 10800 10800 10800 10800 10800 10800 10800 
10800 10800 10800 10800 10800 10800 10800 10800 0 10800 10800 10800 10800 10800 10800 10800 10800 10800 10800 86400 10800 10800 10800 10800 10800 10800 10800 10800 10800 10800 10800 10800 10800 10800 10800 10800 10800 10800 10800 10800 10800 10800 10800 86400 10800 10800 10800 10800 10800 10800 10800 10800 10800 10800 10800 10800 10800 10800 86400 86400 10800 10800 10800 10800 10800 10800 10800 10800 10800 10800 10800 10800 10800 10800 10800 10800 10800 10800 10800 10800 
10800 10800 10800 10800 10800 10800 10800 10800 10800 0 10800 10800 10800 10800 10800 10800 10800 10800 10800 86400 10800 10800 10800 10800 10800 10800 10800 10800 10800 10800 10800 10800 10800 10800 10800 10800 10800 10800 10800 10800 10800 10800 10800 86400 10800 10800 10800 10800 10800 10800 10800 10800 10800 10800 10800 10800 10800 10800 86400 86400 10800 10800 10800 10800 10800 10800 10800 10800 10800 10800 10800 10800 10800 10800 10800 10800 10800 10800 10800 10800 
10800 10800 10800 10800 10800 10800 10800 10800 10800 10800 0 10800 10800 10800 10800 10800 10800 10800 10800 86400 10800 10800 10800 10800 10800 10800 10800 10800 10800 10800 10800 10800 10800 10800 10800 10800 10800 10800 10800 10800 10800 10800 10800 86400 10800 10800 10800 10800 10800 10800 10800 10800 10800 10800 10800 10800 10800 10800 86400 86400 10800 10800 10800 10800 10800 10800 10800 10800 10800 10800 10800 10800 10800 10800 10800 10800 10800 10800 10800 10800 
10800 10800 10800 10800 10800 10800 10800 10800 10800 10800 10800 0 10800 10800 10800 10800 10800 10800 10800 86400 10800 10800 10800 10800 10800 10800 10800 10800 10800 10800 10800 10800 10800 10800 10800 10800 10800 10800 10800 10800 10800 10800 10800 86400 10800 10800 10800 10800 10800 10800 10800 10800 10800 10800 10800 10800 10800 10800 86400 86400 10800 10800 10800 10800 10800 10800 10800 10800 10800 10800 10800 10800 10800 10800 10800 10800 10800 10800 10800 10800 
10800 10800 10800 10800 10800 10800 10800 10800 10800 10800 10800 10800 0 10800 10800 10800 10800 10800 10800 86400 10800 10800 10800 10800 10800 10800 10800 10800 10800 10800 10800 10800 10800 10800 10800 10800 10800 10800 10800 10800 10800 10800 10800 86400 10800 10800 10800 10800 10800 10800 10800 10800 10800 10800 10800 10800 10800 10800 86400 86400 10800 10800 10800 10800 10800 10800 10800 10800 10800 10800 10800 10800 10800 10800 10800 10800 10800 10800 10800 10800 
10800 10800 10800 10800 10800 10800 10800 10800 10800 10800 10800 10800 10800 0 10800 10800 10800 10800 10800 86400 10800 10800 10800 10800 10800 10800 10800 10800 10800 10800 10800 10800 10800 10800 10800 10800 10800 10800 10800 10800 10800 10800 10800 86400 10800 10800 10800 10800 10800 10800 10800 10800 10800 10800 10800 10800 10800 10800 86400 86400 10800 10800 10800 10800 10800 10800 10800 10800 10800 10800 10800 10800 10800 10800 10800 10800 10800 10800 10800 10800 
10800 10800 10800 10800 10800 10800 10800 10800 10800 10800 10800 10800 10800 10800 0 10800 10800 10800 10800 86400 10800 10800 10800 10800 10800 10800 10800 10800 10800 10800 10800 10800 10800 10800 10800 10800 10800 10800 10800 10800 10800 10800 10800 86400 10800 10800 10800 10800 10800 10800 10800 10800 10800 10800 10800 10800 10800 10800 86400 86400 10800 10800 10800 10800 10800 10800 10800 10800 10800 10800 10800 10800 10800 10800 10800 10800 10800 10800 10800 10800 
10800 10800 10800 10800 10800 10800 10800 10800 10800 10800 10800 10800 10800 10800 10800 0 10800 10800 10800 86400 10800 10800 10800 10800 10800 10800 10800 10800 10800 10800 10800 10800 10800 10800 10800 10800 10800 10800 10800 10800 10800 10800 10800 86400 10800 10800 10800 10800 10800 10800 10800 10800 10800 10800 10800 10800 10800 10800 86400 86400 10800 10800 10800 10800 10800 10800 10800 10800 10800 10800 10800 10800 10800 10800 10800 10800 10800 10800 10800 10800 
10800 10800 10800 10800 10800 10800 10800 10800 10800 10800 10800 10800 10800 10800 10800 10800 0 10800 10800 86400 10800 10800 10800 10800 10800 10800 10800 10800 10800 10800 10800 10800 10800 10800 10800 10800 10800 10800 10800 10800 10800 10800 10800 86400 10800 10800 10800 10800 10800 10800 10800 10800 10800 10800 10800 10800 10800 10800 86400 86400 10800 10800 10800 10800 10800 10800 10800 10800 10800 10800 10800 10800 10800 10800 10800 10800 10800 10800 10800 10800 
10800 10800 10800 10800 10800 10800 10800 10800 10800 10800 10800 10800 10800 10800 10800 10800 10800 0 10800 86400 10800 10800 10800 10800 10800 10800 10800 10800 10800 10800 10800 10800 10800 10800 10800 10800 10800 10800 10800 10800 10800 10800 10800 86400 10800 10800 10800 10800 10800 10800 10800 10800 10800 10800 10800 10800 10800 10800 86400 86400 10800 10800 10800 10800 10800 10800 10800 10800 10800 10800 10800 10800 10800 10800 10800 10800 10800 10800 10800 10800 
10800 10800 10800 10800 10800 10800 10800 10800 10800 10800 10800 10800 10800 10800 10800 10800 10800 10800 0 86400 10800 10800 10800 10800 10800 10800 10800 10800 10800 10800 10800 10800 10800 10800 10800 10800 10800 10800 10800 10800 10800 10800 10800 86400 10800 10800 10800 10800 10800 10800 10800 10800 10800 10800 10800 10800 10800 10800 86400 86400 10800 10800 10800 10800 10800 10800 10800 10800 10800 10800 10800 10800 10800 10800 10800 10800 10800 10800 10800 10800 
10800 10800 10800 10800 10800 10800 10800 10800 10800 10800 10800 10800 10800 10800 10800 10800 10800 10800 10800 0 10800 10800 10800 10800 10800 10800 10800 10800 10800 10800 10800 10800 10800 10800 10800 10800 10800 10800 10800 10800 10800 10800 10800 86400 10800 10800 10800 10800 10800 10800 10800 10800 10800 10800 10800 10800 10800 10800 86400 86400 10800 10800 10800 10800 10800 10800 10800 10800 10800 10800 10800 10800 10800 10800 10800 10800 10800 10800 10800 10800 
10800 10800 10800 10800 10800 10800 10800 10800 10800 10800 10800 10800 10800 10800 10800 10800 10800 10800 10800 86400 0 10800 10800 10800 10800 10800 10800 10800 10800 10800 10800 10800 10800 10800 10800 10800 10800 10800 10800 10800 10800 10800 10800 86400 10800 10800 10800 10800 10800 10800 10800 10800 10800 10800 10800 10800 10800 10800 86400 86400 10800 10800 10800 10800 10800 10800 10800 10800 10800 10800 10800 10800 10800 10800 10800 10800 10800 10800 10800 10800 
10800 10800 10800 10800 10800 10800 10800 10800 10800 10800 10800 10800 10800 10800 10800 10800 10800 10800 10800 86400 10800 0 10800 10800 10800 10800 10800 10800 10800 10800 10800 10800 10800 10800 10800 10800 10800 10800 10800 10800 10800 10800 10800 86400 10800 10800 10800 10800 10800 10800 10800 10800 10800 10800 10800 10800 10800 10800 86400 86400 10800 10800 10800 10800 10800 10800 10800 10800 10800 10800 10800 10800 10800 10800 10800 10800 10800 10800 10800 10800 
10800 10800 10800 10800 10800 10800 10800 10800 10800 10800 10800 10800 10800 10800 10800 10800 10800 10800 10800 86400 10800 10800 0 10800 10800 10800 10800 10800 10800 10800 10800 10800 10800 10800 10800 10800 10800 10800 10800 10800 10800 10800 10800 86400 10800 10800 10800 10800 10800 10800 10800 10800 10800 10800 10800 10800 10800 10800 86400 86400 10800 10800 10800 10800 10800 10800 10800 10800 10800 10800 10800 10800 10800 10800 10800 10800 10800 10800 10800 10800 
10800 10800 10800 10800 10800 10800 10800 10800 10800 10800 10800 10800 10800 10800 10800 10800 10800 10800 10800 86400 10800 10800 10800 0 10800 10800 10800 10800 10800 10800 10800 10800 10800 10800 10800 10800 10800 10800 10800 10800 10800 10800 10800 86400 10800 10800 10800 10800 10800 10800 10800 10800 10800 10800 10800 10800 10800 10800 86400 86400 10800 10800 10800 10800 10800 10800 10800 10800 10800 10800 10800 10800 10800 10800 10800 10800 10800 10800 10800 10800 
10800 10800 10800 10800 10800 10800 10800 10800 10800 10800 10800 10800 10800 10800 10800 10800 10800 10800 10800 86400 10800 10800 10800 10800 0 10800 10800 10800 10800 10800 10800 10800 10800 10800 10800 10800 10800 10800 10800 10800 10800 10800 10800 86400 10800 10800 10800 10800 10800 10800 10800 10800 10800 10800 10800 10800 10800 10800 86400 86400 10800 10800 10800 10800 10800 10800 10800 10800 10800 10800 10800 10800 10800 10800 10800 10800 10800 10800 10800 10800 
10800 10800 10800 10800 10800 10800 10800 10800 10800 10800 10800 10800 10800 10800 10800 10800 10800 10800 10800 86400 10800 10800 10800 10800 10800 0 10800 10800 10800 10800 10800 10800 10800 10800 10800 10800 10800 10800 10800 10800 18000 10800 10800 86400 10800 10800 10800 10800 10800 10800 10800 10800 10800 10800 10800 10800 10800 10800 86400 86400 10800 10800 10800 10800 10800 10800 10800 10800 10800 10800 10800 10800 10800 10800 10800 10800 10800 10800 10800 10800 
10800 10800 10800 10800 10800 10800 10800 10800 10800 10800 10800 10800 10800 10800 10800 10800 10800 10800 10800 86400 10800 10800 10800 10800 10800 10800 0 10800 10800 10800 10800 10800 10800 10800 10800 10800 10800 10800 10800 10800 10800 10800 10800 86400 10800 10800 10800 10800 10800 10800 10800 10800 10800 10800 10800 10800 10800 10800 86400 86400 10800 10800 10800 10800 10800 10800 10800 10800 10800 10800 10800 10800 10800 10800 10800 10800 10800 10800 10800 10800 
10800 10800 10800 10800 10800 10800 10800 10800 10800 10800 10800 10800 10800 10800 10800 10800 10800 10800 10800 86400 10800 10800 10800 10800 10800 10800 10800 0 10800 10800 10800 10800 10800 10800 10800 10800 10800 10800 10800 10800 10800 10800 10800 86400 10800 10800 10800 10800 10800 10800 10800 10800 10800 10800 10800 10800 10800 10800 86400 86400 10800 10800 10800 10800 10800 10800 10800 10800 10800 10800 10800 10800 10800 10800 10800 10800 10800 10800 10800 10800 
10800 10800 10800 10800 10800 10800 10800 10800 10800 10800 10800 10800 10800 10800 10800 10800 10800 10800 10800 86400 10800 10800 10800 10800 10800 10800 10800 10800 0 10800 10800 10800 10800 10800 10800 10800 10800 10800 10800 10800 10800 10800 10800 86400 10800 10800 10800 10800 10800 10800 10800 10800 10800 10800 10800 10800 10800 10800 86400 86400 10800 10800 10800 10800 10800 10800 10800 10800 10800 10800 10800 10800 10800 10800 10800 10800 10800 10800 10800 10800 
10800 10800 10800 10800 10800 10800 10800 10800 10800 10800 10800 10800 10800 10800 10800 10800 10800 10800 10800 86400 10800 10800 10800 10800 10800 10800 10800 10800 10800 0 10800 10800 10800 10800 10800 10800 10800 10800 10800 10800 10800 10800 10800 86400 10800 10800 10800 10800 10800 10800 10800 10800 10800 10800 10800 10800 10800 10800 86400 86400 10800 10800 10800 10800 10800 10800 10800 10800 10800 10800 10800 10800 10800 10800 10800 10800 10800 10800 10800 10800 
10800 10800 10800 10800 10800 10800 10800 10800 10800 10800 10800 10800 10800 10800 10800 10800 10800 10800 10800 86400 10800 10800 10800 10800 10800 10800 10800 10800 10800 10800 0 10800 10800 10800 10800 10800 10800 10800 10800 10800 10800 10800 10800 86400 10800 10800 10800 10800 10800 10800 10800 10800 10800 10800 10800 10800 10800 10800 86400 86400 10800 10800 10800 10800 10800 10800 10800 10800 10800 10800 10800 10800 10800 10800 10800 10800 10800 10800 10800 10800 
10800 10800 10800 10800 10800 10800 10800 10800 10800 10800 10800 10800 10800 10800 10800 10800 10800 10800 10800 86400 10800 10800 10800 10800 10800 10800 10800 10800 10800 10800 10800 0 10800 10800 10800 10800 10800 10800 10800 10800 10800 10800 10800 86400 10800 10800 10800 10800 10800 10800 10800 10800 10800 18000 10800 10800 10800 10800 86400 86400 10800 10800 10800 10800 10800 10800 10800 10800 10800 10800 10800 10800 10800 10800 10800 10800 10800 10800 10800 10800 
10800 10800 10800 10800 10800 10800 10800 10800 10800 10800 10800 10800 10800 10800 10800 10800 10800 10800 10800 86400 10800 10800 10800 10800 10800 10800 10800 10800 10800 10800 10800 10800 0 10800 10800 10800 10800 18000 10800 10800 10800 10800 10800 86400 10800 10800 10800 10800 10800 10800 10800 10800 10800 10800 10800 10800 10800 10800 86400 86400 10800 10800 10800 10800 10800 10800 10800 10800 10800 10800 10800 10800 10800 10800 10800 10800 10800 10800 10800 10800 
10800 10800 10800 10800 10800 10800 10800 10800 10800 10800 10800 10800 10800 10800 10800 10800 10800 10800 10800 86400 10800 10800 10800 10800 10800 10800 10800 10800 10800 10800 10800 10800 10800 0 10800 10800 10800 10800 10800 10800 10800 10800 10800 86400 10800 10800 10800 10800 10800 10800 10800 10800 10800 10800 10800 10800 10800 10800 86400 86400 10800 10800 10800 10800 10800 10800 10800 10800 10800 10800 10800 10800 10800 10800 10800 10800 10800 10800 10800 10800 
10800 10800 10800 10800 10800 10800 10800 10800 10800 10800 10800 10800 10800 10800 10800 10800 10800 10800 10800 86400 10800 10800 10800 10800 10800 10800 10800 10800 10800 10800 10800 10800 10800 10800 0 10800 10800 10800 10800 10800 10800 10800 10800 86400 10800 10800 10800 10800 10800 10800 10800 10800 10800 10800 10800 10800 10800 10800 86400 86400 10800 10800 10800 10800 10800 10800 10800 10800 10800 10800 10800 10800 10800 10800 10800 10800 10800 10800 10800 10800 
10800 10800 10800 10800 10800 10800 10800 10800 10800 10800 10800 10800 10800 10800 10800 10800 10800 10800 10800 86400 10800 10800 10800 10800 10800 10800 10800 10800 10800 10800 10800 10800 10800 10800 10800 0 10800 10800 10800 10800 10800 10800 10800 86400 10800 10800 10800 10800 10800 10800 10800 10800 10800 10800 10800 10800 10800 10800 86400 86400 10800 10800 10800 10800 10800 10800 10800 10800 10800 10800 10800 10800 10800 10800 10800 10800 10800 10800 10800 10800 
10800 10800 10800 10800 10800 10800 10800 10800 10800 10800 10800 10800 10800 10800 10800 10800 10800 10800 10800 86400 10800 10800 10800 10800 10800 10800 10800 10800 10800 10800 10800 10800 10800 10800 10800 10800 0 10800 10800 10800 10800 10800 10800 86400 10800 10800 10800 10800 10800 10800 10800 10800 10800 10800 10800 10800 10800 10800 86400 86400 10800 10800 10800 10800 10800 10800 10800 10800 10800 10800 10800 10800 10800 10800 10800 10800 10800 10800 10800 10800 
10800 10800 10800 10800 10800 10800 10800 10800 10800 10800 10800 10800 10800 10800 10800 10800 10800 10800 10800 86400 10800 10800 10800 10800 10800 10800 10800 10800 10800 10800 10800 10800 18000 10800 10800 10800 10800 0 10800 10800 10800 10800 10800 86400 10800 10800 10800 10800 10800 10800 10800 10800 10800 10800 10800 10800 10800 10800 86400 86400 10800 10800 10800 10800 10800 10800 10800 10800 10800 10800 10800 10800 10800 10800 10800 10800 10800 10800 10800 10800 
10800 10800 10800 10800 10800 10800 10800 10800 10800 10800 10800 10800 10800 10800 10800 10800 10800 10800 10800 86400 10800 10800 10800 10800 10800 10800 10800 10800 10800 10800 10800 10800 10800 10800 10800 10800 10800 10800 0 10800 10800 10800 10800 86400 10800 10800 10800 10800 10800 10800 10800 10800 10800 10800 10800 10800 10800 10800 86400 86400 10800 10800 10800 10800 10800 10800 10800 10800 10800 10800 10800 10800 10800 10800 10800 10800 10800 10800 10800 10800 
10800 10800 10800 10800 10800 10800 10800 10800 10800 10800 10800 10800 10800 10800 10800 10800 10800 10800 10800 86400 10800 10800 10800 10800 10800 10800 10800 10800 10800 10800 10800 10800 10800 10800 10800 10800 10800 10800 10800 0 10800 10800 10800 86400 10800 10800 10800 10800 10800 10800 10800 10800 10800 10800 10800 10800 10800 10800 86400 86400 10800 10800 10800 10800 10800 10800 10800 10800 10800 10800 10800 10800 10800 10800 10800 10800 10800 10800 10800 10800 
10800 10800 10800 10800 10800 10800 10800 10800 10800 10800 10800 10800 10800 10800 10800 10800 10800 10800 10800 86400 10800 10800 10800 10800 10800 18000 10800 10800 10800 10800 10800 10800 10800 10800 10800 10800 10800 10800 10800 10800 0 10800 10800 86400 10800 10800 10800 10800 10800 10800 10800 10800 10800 10800 10800 10800 10800 10800 86400 86400 10800 10800 10800 10800 10800 10800 10800 10800 10800 10800 10800 10800 10800 10800 10800 10800 10800 10800 10800 10800 
10800 10800 10800 10800 10800 10800 10800 10800 10800 10800 10800 10800 10800 10800 10800 10800 10800 10800 10800 86400 10800 10800 10800 10800 10800 10800 10800 10800 10800 10800 10800 10800 10800 10800 10800 10800 10800 10800 10800 10800 10800 0 10800 86400 10800 10800 10800 10800 10800 10800 10800 10800 10800 10800 10800 10800 10800 10800 86400 86400 10800 10800 10800 10800 10800 10800 10800 10800 10800 10800 10800 10800 10800 10800 10800 10800 10800 10800 10800 10800 
10800 10800 10800 10800 10800 10800 10800 10800 10800 10800 10800 10800 10800 10800 10800 10800 10800 10800 10800 10800 10800 10800 10800 10800 10800 10800 10800 10800 10800 10800 10800 10800 10800 10800 10800 10800 10800 10800 10800 10800 10800 10800 0 10800 10800 10800 10800 10800 10800 10800 10800 10800 10800 10800 10800 10800 10800 10800 10800 10800 10800 10800 10800 10800 10800 10800 10800 10800 10800 10800 10800 10800 10800 10800 10800 10800 10800 10800 10800 10800 
10800 10800 10800 10800 10800 10800 10800 10800 10800 10800 10800 10800 10800 10800 10800 10800 10800 10800 10800 86400 10800 10800 10800 10800 10800 10800 10800 10800 10800 10800 10800 10800 10800 10800 10800 10800 10800 10800 10800 10800 10800 10800 10800 0 10800 10800 10800 10800 10800 10800 10800 10800 10800 10800 3600 10800 10800 10800 86400 86400 10800 10800 10800 10800 10800 10800 10800 10800 10800 10800 10800 10800 10800 10800 10800 10800 10800 10800 10800 10800 
10800 10800 10800 10800 10800 10800 10800 10800 10800 10800 10800 10800 10800 10800 10800 10800 10800 10800 10800 86400 10800 10800 10800 10800 10800 10800 10800 10800 10800 10800 10800 10800 10800 10800 10800 10800 10800 10800 10800 10800 10800 10800 10800 86400 0 10800 10800 10800 10800 10800 10800 10800 10800 10800 10800 10800 10800 10800 86400 86400 10800 10800 10800 10800 10800 10800 10800 10800 10800 10800 10800 10800 10800 10800 10800 10800 10800 10800 10800 10800 
10800 10800 10800 10800 10800 10800 10800 10800 10800 10800 10800 10800 10800 10800 10800 10800 10800 10800 10800 10800 10800 10800 10800 10800 10800 10800 10800 10800 10800 10800 10800 10800 10800 10800 10800 10800 10800 10800 10800 10800 10800 10800 10800 10800 10800 0 10800 10800 10800 10800 10800 10800 10800 10800 10800 10800 10800 10800 10800 10800 10800 10800 10800 10800 10800 10800 10800 10800 10800 10800 10800 10800 10800 10800 10800 10800 10800 10800 10800 10800 
10800 10800 10800 10800 10800 10800 10800 10800 10800 10800 10800 10800 10800 10800 10800 10800 10800 10800 10800 86400 10800 10800 10800 10800 10800 10800 10800 10800 10800 10800 10800 10800 10800 10800 10800 10800 10800 10800 10800 10800 10800 10800 10800 86400 10800 10800 0 10800 10800 10800 10800 10800 10800 10800 10800 10800 10800 10800 86400 86400 10800 10800 10800 10800 10800 10800 10800 10800 10800 10800 10800 10800 10800 10800 10800 10800 10800 10800 10800 10800 
10800 10800 10800 10800 10800 10800 10800 10800 10800 10800 10800 10800 10800 10800 10800 10800 10800 10800 10800 86400 10800 10800 10800 10800 10800 10800 10800 10800 10800 10800 10800 10800 10800 10800 10800 10800 10800 10800 10800 10800 10800 10800 10800 86400 10800 10800 10800 0 10800 10800 10800 10800 10800 10800 10800 10800 10800 10800 86400 86400 10800 3600 10800 10800 10800 10800 10800 10800 10800 10800 10800 10800 10800 10800 10800 10800 10800 10800 10800 10800 
10800 10800 10800 10800 10800 10800 10800 10800 10800 10800 10800 10800 10800 10800 10800 10800 10800 10800 10800 86400 10800 10800 10800 10800 10800 10800 10800 10800 10800 10800 10800 10800 10800 10800 10800 10800 10800 10800 10800 10800 10800 10800 10800 86400 10800 10800 10800 10800 0 10800 10800 10800 10800 10800 10800 10800 10800 10800 86400 86400 10800 10800 10800 10800 10800 10800 10800 10800 10800 10800 10800 10800 10800 10800 10800 10800 10800 10800 10800 10800 
10800 10800 10800 10800 10800 10800 10800 10800 10800 10800 10800 10800 10800 10800 10800 10800 10800 10800 10800 86400 10800 10800 10800 10800 10800 10800 10800 10800 10800 10800 10800 10800 10800 10800 10800 10800 10800 10800 10800 10800 10800 10800 10800 86400 10800 10800 10800 10800 10800 0 10800 10800 10800 10800 10800 10800 10800 10800 86400 86400 10800 10800 10800 10800 10800 10800 10800 10800 10800 10800 10800 10800 10800 10800 10800 10800 10800 10800 10800 10800 
10800 10800 10800 10800 10800 10800 10800 10800 10800 10800 10800 10800 10800 10800 10800 10800 10800 10800 10800 86400 10800 10800 10800 10800 10800 10800 10800 10800 10800 10800 10800 10800 10800 10800 10800 10800 10800 10800 10800 10800 10800 10800 10800 86400 10800 10800 10800 10800 10800 10800 0 10800 10800 10800 10800 10800 10800 10800 86400 86400 10800 10800 10800 10800 10800 10800 10800 10800 10800 10800 10800 10800 10800 10800 10800 10800 10800 10800 10800 10800 
10800 10800 10800 10800 10800 10800 10800 10800 10800 10800 10800 10800 10800 10800 10800 10800 10800 10800 10800 86400 10800 10800 10800 10800 10800 10800 10800 10800 10800 10800 10800 10800 10800 10800 10800 10800 10800 10800 10800 10800 10800 10800 10800 86400 10800 10800 10800 10800 10800 10800 10800 0 10800 10800 10800 10800 10800 10800 86400 86400 10800 10800 10800 10800 10800 10800 10800 10800 10800 10800 10800 10800 10800 10800 10800 10800 10800 10800 10800 10800 
10800 10800 10800 10800 10800 10800 10800 10800 10800 10800 10800 10800 10800 10800 10800 10800 10800 10800 10800 86400 10800 10800 10800 10800 10800 10800 10800 10800 10800 10800 10800 10800 10800 10800 10800 10800 10800 10800 10800 10800 10800 10800 10800 86400 10800 10800 10800 10800 10800 10800 10800 10800 0 10800 10800 10800 10800 10800 86400 86400 10800 10800 10800 10800 10800 10800 10800 10800 10800 10800 10800 10800 10800 10800 10800 10800 10800 10800 10800 10800 
10800 10800 10800 10800 10800 10800 10800 10800 10800 10800 10800 10800 10800 10800 10800 10800 10800 10800 10800 86400 10800 10800 10800 10800 10800 10800 10800 10800 10800 10800 10800 18000 10800 10800 10800 10800 10800 10800 10800 10800 10800 10800 10800 86400 10800 10800 10800 10800 10800 10800 10800 10800 10800 0 10800 10800 10800 10800 86400 86400 10800 10800 10800 10800 10800 10800 10800 10800 10800 10800 10800 10800 10800 10800 10800 10800 10800 10800 10800 10800 
10800 10800 10800 10800 10800 10800 10800 10800 10800 10800 10800 10800 10800 10800 10800 10800 10800 10800 10800 86400 10800 10800 10800 10800 10800 10800 10800 10800 10800 10800 10800 10800 10800 10800 10800 10800 10800 10800 10800 10800 10800 10800 10800 86400 10800 10800 10800 10800 10800 10800 10800 10800 10800 10800 0 10800 10800 10800 86400 86400 10800 10800 10800 10800 10800 10800 10800 10800 10800 10800 10800 10800 10800 10800 10800 10800 10800 10800 10800 10800 
10800 10800 10800 10800 10800 10800 10800 10800 10800 10800 10800 10800 10800 10800 10800 10800 10800 10800 10800 86400 10800 10800 10800 10800 10800 10800 10800 10800 10800 10800 10800 10800 10800 10800 10800 10800 10800 10800 10800 10800 10800 10800 10800 86400 10800 10800 10800 10800 10800 10800 10800 10800 10800 10800 10800 0 10800 10800 86400 86400 10800 10800 10800 10800 10800 10800 10800 10800 10800 10800 10800 10800 10800 10800 10800 10800 10800 10800 10800 10800 
10800 10800 10800 10800 10800 10800 10800 10800 10800 10800 10800 10800 10800 10800 10800 10800 10800 10800 10800 86400 10800 10800 10800 10800 10800 10800 10800 10800 10800 10800 10800 10800 10800 10800 10800 10800 10800 10800 10800 10800 10800 10800 10800 86400 10800 10800 10800 10800 10800 10800 10800 10800 10800 10800 10800 10800 0 10800 86400 86400 10800 10800 10800 10800 10800 10800 10800 10800 10800 10800 10800 10800 10800 10800 10800 10800 10800 10800 10800 10800 
10800 10800 10800 10800 10800 10800 10800 10800 10800 10800 10800 10800 10800 10800 10800 10800 10800 10800 10800 86400 10800 10800 10800 10800 10800 10800 10800 10800 10800 10800 10800 10800 10800 10800 10800 10800 10800 10800 10800 10800 10800 10800 10800 86400 10800 10800 10800 10800 10800 10800 10800 10800 10800 10800 10800 10800 10800 0 86400 86400 10800 10800 10800 10800 10800 10800 10800 10800 10800 10800 10800 10800 10800 10800 10800 10800 10800 10800 10800 10800 
10800 10800 10800 10800 10800 10800 10800 10800 10800 10800 10800 10800 10800 10800 10800 10800 10800 10800 10800 86400 10800 10800 10800 10800 10800 10800 10800 10800 10800 10800 10800 10800 10800 10800 10800 10800 10800 10800 10800 10800 10800 10800 10800 86400 10800 10800 10800 10800 10800 10800 10800 10800 10800 10800 10800 10800 10800 10800 0 86400 10800 10800 10800 10800 10800 10800 10800 10800 10800 10800 10800 10800 10800 10800 10800 10800 10800 10800 10800 10800 
10800 10800 10800 10800 10800 10800 10800 10800 10800 10800 10800 10800 10800 10800 10800 10800 10800 10800 10800 86400 10800 10800 10800 10800 10800 10800 10800 10800 10800 10800 10800 10800 10800 10800 10800 10800 10800 10800 10800 10800 10800 10800 10800 86400 10800 10800 10800 10800 10800 10800 10800 10800 10800 10800 10800 10800 18000 10800 86400 0 10800 10800 10800 10800 10800 10800 10800 10800 10800 10800 10800 10800 10800 10800 10800 10800 10800 10800 10800 10800 
10800 10800 10800 10800 10800 10800 10800 10800 10800 10800 10800 10800 10800 10800 10800 10800 10800 10800 10800 86400 10800 10800 10800 10800 10800 10800 10800 10800 10800 10800 10800 10800 10800 10800 10800 10800 10800 10800 10800 10800 10800 10800 10800 86400 10800 10800 10800 10800 10800 10800 10800 10800 10800 10800 10800 10800 10800 10800 86400 86400 0 10800 10800 10800 10800 10800 10800 10800 10800 10800 10800 10800 10800 10800 10800 10800 10800 10800 10800 10800 
10800 10800 10800 10800 10800 10800 10800 10800 10800 10800 10800 10800 10800 10800 10800 10800 10800 10800 10800 86400 10800 10800 10800 10800 10800 10800 10800 10800 10800 10800 10800 10800 10800 10800 10800 10800 10800 10800 10800 10800 10800 10800 10800 86400 10800 10800 10800 3600 10800 10800 10800 10800 10800 10800 10800 10800 10800 10800 86400 86400 10800 0 10800 10800 10800 10800 10800 10800 10800 10800 10800 10800 10800 10800 10800 10800 10800 10800 10800 10800 
10800 10800 10800 10800 10800 10800 10800 10800 10800 10800 10800 10800 10800 10800 10800 10800 10800 10800 10800 86400 10800 10800 10800 10800 10800 10800 10800 10800 10800 10800 10800 10800 10800 10800 10800 10800 10800 10800 10800 10800 10800 10800 10800 86400 10800 10800 10800 10800 10800 10800 10800 10800 10800 10800 10800 10800 10800 10800 86400 86400 10800 10800 0 10800 10800 10800 10800 10800 10800 10800 10800 10800 10800 10800 10800 10800 10800 10800 10800 10800 
10800 10800 10800 10800 10800 10800 10800 10800 10800 10800 10800 10800 10800 10800 10800 10800 10800 10800 10800 86400 10800 10800 10800 10800 10800 10800 10800 10800 10800 10800 10800 10800 10800 10800 10800 10800 10800 10800 10800 10800 10800 10800 10800 86400 10800 10800 10800 10800 10800 10800 10800 10800 10800 10800 10800 10800 10800 10800 86400 86400 10800 10800 10800 0 10800 10800 10800 10800 10800 10800 10800 10800 10800 10800 10800 10800 10800 10800 10800 10800 
10800 10800 10800 10800 10800 10800 10800 10800 10800 10800 10800 10800 10800 10800 10800 10800 10800 10800 10800 86400 10800 10800 10800 10800 10800 10800 10800 10800 10800 10800 10800 10800 10800 10800 10800 10800 10800 10800 10800 10800 10800 10800 10800 86400 10800 10800 10800 10800 10800 10800 10800 10800 10800 10800 10800 10800 10800 10800 86400 86400 10800 10800 10800 10800 0 10800 10800 10800 10800 10800 10800 10800 10800 10800 10800 10800 10800 10800 10800 10800 
10800 10800 10800 10800 10800 10800 10800 10800 10800 10800 10800 10800 10800 10800 10800 10800 10800 10800 10800 86400 10800 10800 10800 10800 10800 10800 10800 10800 10800 10800 10800 10800 10800 10800 10800 10800 10800 10800 10800 10800 10800 10800 10800 86400 10800 10800 10800 10800 10800 10800 10800 10800 10800 10800 10800 10800 10800 10800 86400 86400 10800 10800 10800 10800 10800 0 10800 10800 10800 10800 10800 10800 10800 10800 10800 10800 10800 10800 10800 10800 
10800 10800 10800 10800 10800 10800 10800 10800 10800 10800 10800 10800 10800 10800 10800 10800 10800 10800 10800 86400 10800 10800 10800 10800 10800 10800 10800 10800 10800 10800 10800 10800 10800 10800 10800 10800 10800 10800 10800 10800 10800 10800 10800 86400 10800 10800 10800 10800 10800 10800 10800 10800 10800 10800 10800 10800 10800 10800 86400 86400 10800 10800 10800 10800 10800 10800 0 10800 10800 10800 10800 10800 10800 10800 10800 10800 10800 10800 10800 10800 
10800 10800 10800 10800 10800 10800 10800 10800 10800 10800 10800 10800 10800 10800 10800 10800 10800 10800 10800 86400 10800 10800 10800 10800 10800 10800 10800 10800 10800 10800 10800 10800 10800 10800 10800 10800 10800 10800 10800 10800 10800 10800 10800 86400 10800 10800 10800 10800 10800 10800 10800 10800 10800 10800 10800 10800 10800 10800 86400 86400 10800 10800 10800 10800 10800 10800 10800 0 10800 10800 10800 10800 10800 10800 10800 10800 10800 10800 10800 10800 
10800 10800 10800 10800 10800 10800 10800 10800 10800 10800 10800 10800 10800 10800 10800 10800 10800 10800 10800 86400 10800 10800 10800 10800 10800 10800 10800 10800 10800 10800 10800 10800 10800 10800 10800 10800 10800 10800 10800 10800 10800 10800 10800 86400 10800 10800 10800 10800 10800 10800 10800 10800 10800 10800 10800 10800 10800 10800 86400 86400 10800 10800 10800 10800 10800 10800 10800 10800 0 10800 10800 10800 10800 10800 10800 10800 10800 10800 10800 10800 
10800 10800 10800 10800 10800 10800 10800 10800 10800 10800 10800 10800 10800 10800 10800 10800 10800 10800 10800 86400 10800 10800 10800 10800 10800 10800 10800 10800 10800 10800 10800 10800 10800 10800 10800 10800 10800 10800 10800 10800 10800 10800 10800 86400 10800 10800 10800 10800 10800 10800 10800 10800 10800 10800 10800 10800 10800 10800 86400 86400 10800 10800 10800 10800 10800 10800 10800 10800 10800 0 10800 10800 10800 10800 10800 10800 10800 10800 10800 10800 
10800 10800 10800 10800 10800 10800 10800 10800 10800 10800 10800 10800 10800 10800 10800 10800 10800 10800 10800 86400 10800 10800 10800 10800 10800 10800 10800 10800 10800 10800 10800 10800 10800 10800 10800 10800 10800 10800 10800 10800 10800 10800 10800 86400 10800 10800 10800 10800 10800 10800 10800 10800 10800 10800 10800 10800 10800 10800 86400 86400 10800 10800 10800 10800 10800 10800 10800 10800 10800 10800 0 10800 10800 10800 10800 10800 10800 10800 10800 10800 
10800 10800 10800 10800 10800 10800 10800 10800 10800 10800 10800 10800 10800 10800 10800 10800 10800 10800 10800 86400 10800 10800 10800 10800 10800 10800 10800 10800 10800 10800 10800 10800 10800 10800 10800 10800 10800 10800 10800 10800 10800 10800 10800 86400 10800 10800 10800 10800 10800 10800 10800 10800 10800 10800 10800 10800 10800 10800 86400 86400 10800 10800 10800 10800 10800 10800 10800 10800 10800 10800 10800 0 10800 10800 10800 10800 10800 10800 10800 10800 
10800 10800 10800 10800 10800 10800 10800 10800 10800 10800 10800 10800 10800 10800 10800 10800 10800 10800 10800 86400 10800 10800 10800 10800 10800 10800 10800 10800 10800 10800 10800 10800 10800 10800 10800 10800 10800 10800 10800 10800 10800 10800 10800 86400 10800 10800 10800 10800 10800 10800 10800 10800 10800 10800 10800 10800 10800 10800 86400 86400 10800 10800 10800 10800 10800 10800 10800 10800 10800 10800 10800 10800 0 10800 10800 10800 10800 10800 10800 10800 
10800 10800 10800 10800 10800 10800 10800 10800 10800 10800 10800 10800 10800 10800 10800 10800 10800 10800 10800 86400 10800 10800 10800 10800 10800 10800 10800 10800 10800 10800 10800 10800 10800 10800 10800 10800 10800 10800 10800 10800 10800 10800 10800 86400 10800 10800 10800 10800 10800 10800 10800 10800 10800 10800 10800 10800 10800 10800 86400 86400 10800 10800 10800 10800 10800 10800 10800 10800 10800 10800 10800 10800 10800 0 10800 10800 10800 10800 10800 10800 
10800 10800 10800 10800 10800 10800 10800 10800 10800 10800 10800 10800 10800 10800 10800 10800 10800 10800 10800 86400 10800 10800 10800 10800 10800 10800 10800 10800 10800 10800 10800 10800 10800 10800 10800 10800 10800 10800 10800 10800 10800 10800 10800 86400 10800 10800 10800 10800 10800 10800 10800 10800 10800 10800 10800 10800 10800 10800 86400 86400 10800 10800 10800 10800 10800 10800 10800 10800 10800 10800 10800 10800 10800 10800 0 10800 10800 10800 10800 10800 
10800 10800 10800 10800 10800 10800 10800 10800 10800 10800 10800 10800 10800 10800 10800 10800 10800 10800 10800 86400 10800 10800 10800 10800 10800 10800 10800 10800 10800 10800 10800 10800 10800 10800 10800 10800 10800 10800 10800 10800 10800 10800 10800 86400 10800 10800 10800 10800 10800 10800 10800 10800 10800 10800 10800 10800 10800 10800 86400 86400 10800 10800 10800 10800 10800 10800 10800 10800 10800 10800 10800 10800 10800 10800 10800 0 10800 10800 10800 10800 
10800 10800 10800 10800 10800 10800 10800 10800 10800 10800 10800 10800 10800 10800 10800 10800 10800 10800 10800 86400 10800 10800 10800 10800 10800 10800 10800 10800 10800 10800 10800 10800 10800 10800 10800 10800 10800 10800 10800 10800 10800 10800 10800 86400 10800 10800 10800 10800 10800 10800 10800 10800 10800 10800 10800 10800 10800 10800 86400 86400 10800 10800 10800 10800 10800 10800 10800 10800 10800 10800 10800 10800 10800 10800 10800 10800 0 10800 10800 10800 
10800 10800 10800 10800 10800 10800 10800 10800 10800 10800 10800 10800 10800 10800 10800 10800 10800 10800 10800 86400 10800 10800 10800 10800 10800 10800 10800 10800 10800 10800 10800 10800 10800 10800 10800 10800 10800 10800 10800 10800 10800 10800 10800 86400 10800 10800 10800 10800 10800 10800 10800 10800 10800 10800 10800 10800 10800 10800 86400 86400 10800 10800 10800 10800 10800 10800 10800 10800 10800 10800 10800 10800 10800 10800 10800 10800 10800 0 10800 10800 
10800 10800 10800 10800 10800 10800 10800 10800 10800 10800 10800 10800 10800 10800 10800 10800 10800 10800 10800 86400 10800 10800 10800 10800 10800 10800 10800 10800 10800 10800 10800 10800 10800 10800 10800 10800 10800 10800 10800 10800 10800 10800 10800 86400 10800 10800 10800 10800 10800 10800 10800 10800 10800 10800 10800 10800 10800 10800 86400 86400 10800 10800 10800 10800 10800 10800 10800 10800 10800 10800 10800 10800 10800 10800 10800 10800 10800 10800 0 10800 
10800 10800 10800 10800 10800 10800 10800 10800 10800 10800 10800 10800 10800 10800 10800 10800 10800 10800 10800 86400 10800 10800 10800 10800 10800 10800 10800 10800 10800 10800 10800 10800 10800 10800 10800 10800 10800 10800 10800 10800 10800 10800 10800 86400 10800 10800 10800 10800 10800 10800 10800 10800 10800 10800 10800 10800 10800 10800 86400 86400 10800 10800 10800 10800 10800 10800 10800 10800 10800 10800 10800 10800 10800 10800 10800 10800 10800 10800 10800 0 
0 0 250 50 0 0 0 0 0 0 0 0 0 0 
150 0 0 0 0 0 0 0 0 0 0 0 0 0 
150 0 0 0 0 0 0 0 0 0 0 0 0 0 
190 150 0 0 0 0 0 0 0 0 0 0 0 50 
0 0 0 0 1300 0 0 500 0 0 0 0 0 0 
0 0 0 0 0 0 3900 4200 6300 300 0 0 0 0 
0 0 0 0 0 0 0 0 0 0 2680 2000 0 0 
795 0 0 14 0 0 0 0 0 0 0 0 0 0 
0 0 1050 0 0 1050 1050 1050 650 0 0 0 0 0 
500 0 0 0 0 0 0 0 0 0 0 0 0 0 
682 0 0 0 0 0 0 0 990 0 0 0 0 0 
0 0 0 0 0 195 0 0 0 0 0 0 0 11 
0 0 0 0 1100 0 0 2200 4400 3576 0 0 0 0 
16 0 0 0 0 0 0 0 0 0 0 0 0 0 
0 0 0 0 0 0 0 0 0 0 0 0 0 100 
0 0 2068 1914 8 0 0 0 0 0 0 0 0 0 
20 0 0 0 0 0 0 0 0 0 0 0 0 0 
55 0 0 0 0 0 0 1800 0 0 0 0 0 0 
0 208 0 0 0 0 0 0 0 0 0 0 0 5 
0 0 0 0 0 300 0 0 0 0 0 0 0 0 
0 0 0 0 0 0 0 3060 0 1530 0 1530 1770 0 
0 0 0 0 0 0 0 0 1034 2068 2068 2112 0 0 
2035 0 0 0 0 0 0 0 0 0 0 0 0 0 
360 0 0 0 0 31 0 0 0 0 0 0 0 0 
480 0 0 0 0 0 0 0 720 80 0 0 0 0 
0 1200 0 0 0 0 0 0 0 0 0 0 0 0 
0 400 0 0 0 0 0 0 0 0 0 0 0 0 
260 0 0 0 0 0 0 0 0 0 0 0 0 0 
0 0 0 2300 0 0 500 0 0 3200 0 0 0 0 
0 0 0 0 0 0 0 900 3150 5250 5050 2600 500 0 
0 0 0 0 0 0 0 0 0 0 3500 0 0 0 
0 0 0 0 0 0 0 0 0 0 500 0 0 0 
0 0 4320 5760 0 0 0 0 0 0 0 0 0 0 
0 0 0 0 0 3120 0 2800 0 0 0 0 0 0 
0 0 1032 0 0 0 0 0 0 0 0 0 0 0 
0 0 0 0 0 0 0 0 0 100 0 0 0 0 
0 0 900 0 0 0 0 0 0 0 0 0 0 0 
0 0 0 0 0 0 0 0 2080 2080 2080 2080 0 0 
180 0 0 0 0 0 0 0 0 0 0 0 0 10 
0 0 0 3000 4500 2400 4200 6300 3000 2100 0 0 0 300 
0 0 2100 2100 2100 2100 0 1700 0 0 0 0 0 0 
0 1540 1798 0 0 0 0 0 0 0 0 0 0 0 
0 0 0 1400 250 0 0 0 0 150 0 0 0 50 
100 0 0 0 0 0 0 0 0 0 0 0 0 0 
0 0 0 0 0 0 0 0 0 0 0 0 80 80 
0 0 0 0 187 0 0 0 0 0 0 0 0 0 
13 0 0 0 0 0 0 0 0 0 0 0 0 0 
0 0 0 0 700 0 0 0 0 0 0 420 0 0 
1800 0 0 1540 1720 0 0 0 0 1540 0 0 0 1860 
165 0 1045 0 1815 0 0 0 0 0 0 0 0 0 
0 0 200 0 0 0 0 0 0 0 0 0 0 0 
0 0 0 0 0 0 0 0 200 0 1900 0 0 0 
0 840 0 0 0 0 0 0 0 0 940 0 0 0 
2200 0 0 0 2000 0 0 2800 4400 2800 2200 0 0 0 
154 0 0 0 0 0 0 0 0 0 0 0 0 0 
0 2020 2080 2080 0 3120 2080 0 2080 2080 2080 2400 0 0 
0 795 0 0 0 0 0 0 0 0 0 0 0 0 
30 0 0 0 0 0 0 0 0 0 0 0 0 0 
0 0 0 0 0 0 0 0 0 0 0 446 0 0 
2370 30 0 0 0 0 0 0 0 0 0 0 0 0 
880 160 0 0 0 0 0 0 0 0 0 0 0 0 
0 0 0 0 0 1540 1540 0 1540 1540 360 0 0 20 
220 0 0 0 0 0 0 0 0 0 0 0 0 20 
20 0 0 0 0 0 0 0 0 0 0 0 0 0 
0 704 0 0 0 0 0 0 0 0 0 0 0 22 
0 0 300 0 0 0 0 0 0 0 0 0 0 0 
0 0 0 0 0 0 0 0 2100 0 4200 1600 0 0 
1290 0 0 0 0 0 0 0 0 18 0 0 0 0 
110 286 0 0 0 0 0 0 0 0 0 0 0 22 
0 102 0 0 0 0 0 0 0 0 0 0 0 0 
0 720 0 0 0 0 0 0 0 0 0 0 0 0 
0 0 0 0 0 500 1050 1050 0 900 0 0 0 0 
0 0 0 0 0 2990 460 3450 4830 4600 4370 2530 0 0 
0 0 250 0 0 0 0 0 0 0 0 0 0 0 
0 0 0 1050 700 0 0 0 0 0 0 0 0 0 
0 0 1040 0 0 2560 0 2240 1040 0 0 2080 3360 80 
0 0 0 0 0 1052 0 0 200 0 0 0 0 0 
70 0 0 0 0 0 0 0 0 0 0 0 0 0 
0 0 0 0 0 0 0 0 0 0 0 0 0 100 
20 290 0 0 0 0 0 0 0 0 0 0 0 0 
0 1 0 0 0 0 1 1 0 0 0 1 0 0 0 1 0 0 0 0 
1 0 1 0 1 0 0 0 1 0 0 0 0 0 0 0 0 1 0 0 
0 0 0 0 0 1 0 0 0 1 1 0 0 0 0 1 0 0 0 1 
0 0 0 1 0 0 0 0 0 0 0 0 0 0 0 0 0 0 0 0 
0 0 0 0 0 0 0 0 0 0 0 0 0 0 0 1 0 0 0 0 
0 1 0 0 0 0 1 1 0 0 0 1 0 0 0 1 0 0 0 0 
1 0 1 0 1 0 0 0 1 0 0 0 0 0 0 0 0 1 0 0 
1 0 1 0 1 0 0 0 0 0 0 0 0 0 0 0 0 0 0 0 
1 0 1 0 1 0 0 0 1 0 0 0 0 0 0 0 0 1 0 0 
0 0 0 0 0 0 0 0 0 0 0 0 0 0 1 0 1 0 1 0 
1 0 1 0 1 0 0 0 1 0 0 0 0 0 0 0 0 1 0 0 
0 0 0 1 0 0 0 0 0 0 0 0 0 0 0 0 0 0 0 0 
0 0 0 0 0 0 0 0 0 0 0 0 0 0 0 1 0 0 0 0 
1 0 0 0 1 0 0 0 1 0 0 0 0 0 0 0 0 1 0 0 
0 1 0 0 0 0 1 1 0 0 0 0 0 0 0 1 0 0 0 0 
0 0 0 1 0 0 0 0 0 0 0 0 0 0 0 0 0 0 0 0 
1 0 0 0 1 0 0 0 0 0 0 0 0 0 1 0 0 0 1 0 
0 0 0 0 0 0 0 0 0 0 0 0 0 0 0 0 1 0 0 0 
0 0 0 1 0 0 0 0 0 0 0 0 0 1 0 0 0 0 0 0 
0 1 0 0 0 0 1 1 0 0 0 1 0 0 0 1 0 0 0 0 
0 1 0 0 0 0 1 1 0 1 1 0 0 0 1 1 0 0 0 1 
1 0 1 0 1 0 0 0 1 0 0 0 0 0 0 0 0 1 0 0 
1 0 0 0 1 0 0 0 1 0 0 0 0 0 0 0 0 1 0 0 
1 0 0 0 1 0 0 0 1 0 0 0 0 0 0 0 0 1 0 0 
0 1 0 0 0 0 0 0 0 1 1 0 0 0 0 1 0 0 0 1 
0 0 0 0 0 0 0 0 0 0 0 0 0 0 1 0 0 0 1 0 
0 1 0 0 0 0 1 1 0 0 0 1 0 0 0 1 0 0 0 0 
0 0 0 1 0 0 0 0 0 0 0 0 0 0 0 0 0 0 0 0 
0 1 0 0 0 0 1 1 0 0 0 0 0 0 0 1 0 0 0 0 
1 0 1 0 1 1 0 0 1 1 1 0 0 0 0 0 0 1 0 1 
0 1 0 0 0 0 0 0 0 0 0 0 0 0 0 1 0 0 0 0 
0 0 0 0 0 0 0 0 0 0 0 0 0 0 0 0 1 0 0 0 
0 0 0 0 0 0 0 0 0 0 0 0 0 0 1 0 1 0 1 0 
1 0 1 0 1 1 0 0 1 0 0 0 0 0 0 0 0 1 0 0 
0 0 0 0 0 0 0 0 0 0 1 0 0 0 1 0 1 0 1 0 
0 1 0 0 0 0 1 1 0 0 0 1 0 0 0 0 0 0 0 0 
1 0 0 0 1 1 0 0 1 1 1 0 0 0 0 0 0 1 0 1 
0 0 0 0 0 0 0 0 0 0 0 0 0 0 1 0 1 0 1 0 
0 0 0 1 0 0 0 0 0 0 0 0 0 0 0 0 0 0 0 0 
0 1 0 0 0 0 1 1 0 0 0 0 0 0 0 1 0 0 0 0 
0 0 0 0 0 0 0 0 0 0 0 0 0 0 1 0 0 0 1 0 
1 0 1 0 1 0 0 0 0 0 0 0 0 0 0 0 0 0 0 0 
1 0 1 0 1 1 0 0 1 1 1 0 0 0 0 0 0 1 0 1 
0 0 0 0 0 0 0 0 0 0 0 0 0 1 0 0 0 0 0 0 
0 0 0 0 0 0 0 0 0 1 1 0 0 0 0 0 0 0 0 1 
0 0 0 0 0 0 0 0 0 0 0 0 0 1 0 0 0 0 0 0 
1 0 0 0 1 0 0 0 1 0 0 0 0 0 0 0 0 1 0 0 
0 0 0 1 0 0 0 0 0 0 0 0 1 0 0 0 0 0 0 0 
1 0 1 0 1 0 0 0 0 0 0 0 0 0 0 0 0 0 0 0 
1 0 1 0 1 0 0 0 1 0 0 0 0 0 0 0 0 1 0 0 
0 1 0 0 0 0 1 1 0 0 0 1 0 0 0 1 0 0 0 0 
0 0 0 0 0 0 0 0 0 0 1 0 0 0 1 0 1 0 1 0 
1 0 1 0 1 0 0 0 1 0 0 0 0 0 0 0 0 1 0 0 
0 0 0 0 0 0 0 0 0 0 0 0 0 0 0 0 1 0 0 0 
0 0 0 0 0 0 0 0 0 0 0 0 0 1 0 0 0 0 0 0 
1 0 1 0 1 0 0 0 0 0 0 0 0 0 0 0 0 0 0 0 
0 1 0 0 0 0 1 1 0 1 1 0 0 0 0 1 0 0 0 1 
1 0 0 0 1 0 0 0 0 0 0 0 0 0 1 0 0 0 1 0 
0 1 0 0 0 0 0 0 0 1 1 0 0 0 0 1 0 0 0 1 
0 1 0 0 0 0 1 1 0 1 1 0 0 0 0 1 0 0 0 1 
1 0 0 0 1 0 0 0 0 0 0 0 0 0 0 0 0 0 0 0 
0 0 0 1 0 0 0 0 0 0 0 0 1 0 0 0 0 0 0 0 
1 0 0 0 1 0 0 0 1 0 0 0 0 0 0 0 0 1 0 0 
0 0 0 0 0 1 0 0 0 0 0 0 0 0 0 0 0 0 0 0 
1 0 1 0 1 0 0 0 1 0 0 0 0 0 0 0 0 1 0 0 
0 1 0 0 0 0 1 1 0 0 0 1 0 0 0 1 0 0 0 0 
0 1 0 0 0 0 0 0 0 0 0 1 0 0 0 0 0 0 0 0 
0 1 0 0 0 0 1 1 0 1 1 0 0 0 1 1 0 0 0 1 
1 0 1 0 1 0 0 0 1 0 0 0 0 0 0 0 0 1 0 0 
1 0 1 0 1 0 0 0 1 0 0 0 0 0 0 0 0 1 0 0 
1 0 1 0 1 0 0 0 0 0 0 0 0 0 0 0 0 0 0 0 
1 0 1 0 1 0 0 0 1 0 0 0 0 0 0 0 0 1 0 0 
0 0 0 0 0 0 0 0 0 1 1 0 0 0 0 0 0 0 0 1 
0 1 0 0 0 0 0 0 0 0 0 1 0 0 0 0 0 0 0 0 
1 0 0 0 1 0 0 0 1 0 0 0 0 0 0 0 0 1 0 0 
0 0 0 0 0 0 0 0 0 1 1 0 0 0 0 1 0 0 0 1 
0 1 0 0 0 0 0 0 0 0 0 0 0 0 0 0 0 0 0 0 
1 0 0 0 1 0 0 0 0 0 0 0 0 0 0 0 0 0 0 0 
0 0 1 1 0 0 0 0 0 0 0 0 0 0 0 0 0 0 0 0 
0 0 0 0 0 0 0 0 0 0 0 0 0 1 0 0 0 0 0 0 
0.006 0.006 0.006 0.006 0.006 0.006 0.006 0.007 0.007 0.007 0.007 0.007 0.007 0.007 0.007 0.007 0.007 0.007 0.007 0.007 
0 1 0 0 0 0 1 1 0 0 0 1 0 0 0 1 0 0 0 0 
1 0 1 0 1 0 0 0 1 0 0 0 0 0 0 0 0 1 0 0 
0 0 0 0 0 1 0 0 0 1 1 0 0 0 0 1 0 0 0 1 
0 0 0 1 0 0 0 0 0 0 0 0 0 0 0 0 0 0 0 0 
0 0 0 0 0 0 0 0 0 0 0 0 0 0 0 1 0 0 0 0 
0 0 0 0 0 0 0 0 0 0 0 0 0 0 0 1 0 0 0 0 
0 1 0 0 0 0 1 1 0 0 0 1 0 0 0 1 0 0 0 0 
1 0 1 0 1 0 0 0 1 0 0 0 0 0 0 0 0 1 0 0 
1 0 1 0 1 0 0 0 0 0 0 0 0 0 0 0 0 0 0 0 
1 0 0 0 1 0 0 0 0 0 0 0 0 0 0 0 0 0 0 0 
1 0 1 0 1 0 0 0 0 0 0 0 0 0 0 0 0 0 0 0 
1 0 1 0 1 0 0 0 0 0 0 0 0 0 0 0 0 0 0 0 
1 0 1 0 1 0 0 0 0 0 0 0 0 0 0 0 0 0 0 0 
1 0 1 0 1 0 0 0 1 0 0 0 0 0 0 0 0 1 0 0 
0 0 0 0 0 0 0 0 0 0 0 0 0 0 1 0 1 0 1 0 
1 0 1 0 1 0 0 0 1 0 0 0 0 0 0 0 0 1 0 0 
0 0 0 1 0 0 0 0 0 0 0 0 0 0 0 0 0 0 0 0 
0 0 0 0 0 0 0 0 0 0 0 0 0 0 0 1 0 0 0 0 
0 0 0 0 0 0 0 0 0 0 0 0 0 0 0 1 0 0 0 0 
1 0 0 0 1 0 0 0 1 0 0 0 0 0 0 0 0 1 0 0 
0 1 0 0 0 0 1 1 0 0 0 0 0 0 0 1 0 0 0 0 
0 0 0 1 0 0 0 0 0 0 0 0 0 0 0 0 0 0 0 0 
1 0 0 0 1 0 0 0 0 0 0 0 0 0 1 0 0 0 1 0 
1 0 0 0 1 0 0 0 0 0 0 0 0 0 1 0 0 0 1 0 
0 0 0 0 0 0 0 0 0 0 0 0 0 0 0 0 1 0 0 0 
0 0 0 1 0 0 0 0 0 0 0 0 0 1 0 0 0 0 0 0 
0 0 0 1 0 0 0 0 0 0 0 0 0 1 0 0 0 0 0 0 
0 1 0 0 0 0 1 1 0 0 0 1 0 0 0 1 0 0 0 0 
0 1 0 0 0 0 1 1 0 0 0 1 0 0 0 1 0 0 0 0 
0 1 0 0 0 0 1 1 0 0 0 1 0 0 0 1 0 0 0 0 
0 1 0 0 0 0 1 1 0 1 1 0 0 0 1 1 0 0 0 1 
1 0 1 0 1 0 0 0 1 0 0 0 0 0 0 0 0 1 0 0 
1 0 0 0 1 0 0 0 1 0 0 0 0 0 0 0 0 1 0 0 
1 0 0 0 1 0 0 0 1 0 0 0 0 0 0 0 0 1 0 0 
0 1 0 0 0 0 0 0 0 1 1 0 0 0 0 1 0 0 0 1 
0 1 0 0 0 0 0 0 0 1 1 0 0 0 0 1 0 0 0 1 
0 1 0 0 0 0 0 0 0 1 1 0 0 0 0 1 0 0 0 1 
0 0 0 0 0 0 0 0 0 0 0 0 0 0 1 0 0 0 1 0 
0 1 0 0 0 0 1 1 0 0 0 1 0 0 0 1 0 0 0 0 
0 0 0 1 0 0 0 0 0 0 0 0 0 0 0 0 0 0 0 0 
0 1 0 0 0 0 1 1 0 0 0 0 0 0 0 1 0 0 0 0 
1 0 0 0 1 1 0 0 1 1 1 0 0 0 0 0 0 1 0 1 
1 0 1 0 1 1 0 0 1 1 1 0 0 0 0 0 0 1 0 1 
0 1 0 0 0 0 0 0 0 0 0 0 0 0 0 1 0 0 0 0 
0 0 0 0 0 0 0 0 0 0 0 0 0 0 0 0 1 0 0 0 
0 0 0 0 0 0 0 0 0 0 0 0 0 0 0 0 1 0 0 0 
0 0 0 0 0 0 0 0 0 0 0 0 0 0 0 0 1 0 0 0 
0 0 0 0 0 0 0 0 0 0 0 0 0 0 0 0 1 0 0 0 
0 0 0 0 0 0 0 0 0 0 0 0 0 0 0 0 1 0 0 0 
0 0 0 0 0 0 0 0 0 0 0 0 0 0 0 0 1 0 0 0 
0 0 0 0 0 0 0 0 0 0 0 0 0 0 1 0 1 0 1 0 
0 0 0 0 0 0 0 0 0 0 0 0 0 0 1 0 1 0 1 0 
0 0 0 0 0 0 0 0 0 0 0 0 0 0 1 0 1 0 1 0 
0 0 0 0 0 0 0 0 0 0 0 0 0 0 1 0 1 0 1 0 
0 0 0 0 0 0 0 0 0 0 0 0 0 0 0 0 1 0 0 0 
1 0 1 0 1 1 0 0 1 0 0 0 0 0 0 0 0 1 0 0 
1 0 1 0 1 1 0 0 1 0 0 0 0 0 0 0 0 1 0 0 
0 0 0 0 0 0 0 0 0 0 1 0 0 0 1 0 1 0 1 0 
0 0 0 0 0 0 0 0 0 0 1 0 0 0 1 0 1 0 1 0 
0 1 0 0 0 0 1 1 0 0 0 1 0 0 0 0 0 0 0 0 
1 0 0 0 1 1 0 0 1 1 1 0 0 0 0 0 0 1 0 1 
0 0 0 1 0 0 0 0 0 0 0 0 0 0 0 0 0 0 0 0 
0 1 0 0 0 0 1 1 0 0 0 0 0 0 0 1 0 0 0 0 
1 0 0 0 1 0 0 0 0 0 0 0 0 0 0 0 0 0 0 0 
1 0 1 0 1 0 0 0 0 0 0 0 0 0 0 0 0 0 0 0 
1 0 1 0 1 1 0 0 1 1 1 0 0 0 0 0 0 1 0 1 
1 0 1 0 1 0 0 0 1 0 0 0 0 0 0 0 0 1 0 0 
0 0 0 0 0 0 0 0 0 0 0 0 0 1 0 0 0 0 0 0 
0 0 0 0 0 0 0 0 0 0 0 0 0 1 0 0 0 0 0 0 
0 0 0 0 0 0 0 0 0 1 1 0 0 0 0 0 0 0 0 1 
0 0 0 0 0 0 0 0 0 0 0 0 0 1 0 0 0 0 0 0 
1 0 0 0 1 0 0 0 1 0 0 0 0 0 0 0 0 1 0 0 
0 0 0 1 0 0 0 0 0 0 0 0 1 0 0 0 0 0 0 0 
1 0 0 0 1 0 0 0 0 0 0 0 0 0 0 0 0 0 0 0 
1 0 1 0 1 0 0 0 0 0 0 0 0 0 0 0 0 0 0 0 
1 0 1 0 1 0 0 0 1 0 0 0 0 0 0 0 0 1 0 0 
0 1 0 0 0 0 1 1 0 0 0 1 0 0 0 1 0 0 0 0 
0 0 0 0 0 0 0 0 0 0 1 0 0 0 1 0 1 0 1 0 
1 0 1 0 1 0 0 0 1 0 0 0 0 0 0 0 0 1 0 0 
1 0 1 0 1 0 0 0 0 0 0 0 0 0 0 0 0 0 0 0 
1 0 1 0 1 0 0 0 0 0 0 0 0 0 0 0 0 0 0 0 
1 0 1 0 1 0 0 0 0 0 0 0 0 0 0 0 0 0 0 0 
0 1 0 0 0 0 1 1 0 1 1 0 0 0 0 1 0 0 0 1 
0 1 0 0 0 0 1 1 0 1 1 0 0 0 0 1 0 0 0 1 
1 0 0 0 1 0 0 0 0 0 0 0 0 0 1 0 0 0 1 0 
0 1 0 0 0 0 0 0 0 1 1 0 0 0 0 1 0 0 0 1 
1 0 0 0 1 0 0 0 0 0 0 0 0 0 0 0 0 0 0 0 
1 0 0 0 1 0 0 0 1 0 0 0 0 0 0 0 0 1 0 0 
0 0 0 0 0 1 0 0 0 0 0 0 0 0 0 0 0 0 0 0 
1 0 1 0 1 0 0 0 1 0 0 0 0 0 0 0 0 1 0 0 
0 1 0 0 0 0 1 1 0 0 0 1 0 0 0 1 0 0 0 0 
0 1 0 0 0 0 0 0 0 0 0 1 0 0 0 0 0 0 0 0 
0 1 0 0 0 0 1 1 0 1 1 0 0 0 1 1 0 0 0 1 
0 1 0 0 0 0 1 1 0 1 1 0 0 0 1 1 0 0 0 1 
0 1 0 0 0 0 1 1 0 1 1 0 0 0 1 1 0 0 0 1 
0 1 0 0 0 0 0 0 0 0 0 0 0 0 1 0 0 0 0 0 
0 1 0 0 0 0 0 0 0 0 0 0 0 0 1 0 0 0 0 0 
0 1 0 0 0 0 0 0 0 0 0 0 0 0 1 0 0 0 0 0 
0 1 0 0 0 0 1 1 0 1 1 0 0 0 1 1 0 0 0 1 
0 1 0 0 0 0 1 1 0 1 1 0 0 0 1 1 0 0 0 1 
0 1 0 0 0 0 1 1 0 1 1 0 0 0 1 1 0 0 0 1 
0 1 0 0 0 0 1 1 0 1 1 0 0 0 1 1 0 0 0 1 
0 1 0 0 0 0 1 1 0 1 1 0 0 0 1 1 0 0 0 1 
0 1 0 0 0 0 1 1 0 1 1 0 0 0 1 1 0 0 0 1 
0 1 0 0 0 0 1 1 0 1 1 0 0 0 1 1 0 0 0 1 
0 1 0 0 0 0 1 1 0 1 1 0 0 0 1 1 0 0 0 1 
0 1 0 0 0 0 1 1 0 1 1 0 0 0 1 1 0 0 0 1 
0 1 0 0 0 0 1 1 0 1 1 0 0 0 1 1 0 0 0 1 
1 0 1 0 1 0 0 0 1 0 0 0 0 0 0 0 0 1 0 0 
1 0 1 0 1 0 0 0 1 0 0 0 0 0 0 0 0 1 0 0 
1 0 1 0 1 0 0 0 0 0 0 0 0 0 0 0 0 0 0 0 
1 0 1 0 1 0 0 0 1 0 0 0 0 0 0 0 0 1 0 0 
0 0 0 0 0 0 0 0 0 1 1 0 0 0 0 0 0 0 0 1 
0 1 0 0 0 0 0 0 0 0 0 1 0 0 0 0 0 0 0 0 
1 0 0 0 1 0 0 0 1 0 0 0 0 0 0 0 0 1 0 0 
0 0 0 0 0 0 0 0 0 1 1 0 0 0 0 1 0 0 0 1 
0 1 0 0 0 0 0 0 0 0 0 0 0 0 0 0 0 0 0 0 
0 1 0 0 0 0 0 0 0 0 0 0 0 0 0 0 0 0 0 0 
1 0 0 0 1 0 0 0 0 0 0 0 0 0 0 0 0 0 0 0 
0 0 1 1 0 0 0 0 0 0 0 0 0 0 0 0 0 0 0 0 
0 0 0 0 0 0 0 0 0 0 0 0 0 1 0 0 0 0 0 0 
1 0 0 0 0 0 0 0 0 0 0 0 0 0 0 0 0 0 0 0 0 0 0 0 0 0 0 0 0 0 0 0 0 0 0 0 0 0 0 0 0 0 0 0 0 0 0 0 0 0 0 0 0 0 0 0 0 0 0 0 0 0 0 0 0 0 0 0 0 0 0 0 0 0 0 0 0 0 0 0 0 0 0 0 0 0 0 0 0 0 0 0 0 0 0 0 0 0 0 0 0 0 0 0 0 0 0 0 0 0 0 0 0 0 0 0 0 0 0 0 0 
0 1 0 0 0 0 0 0 0 0 0 0 0 0 0 0 0 0 0 0 0 0 0 0 0 0 0 0 0 0 0 0 0 0 0 0 0 0 0 0 0 0 0 0 0 0 0 0 0 0 0 0 0 0 0 0 0 0 0 0 0 0 0 0 0 0 0 0 0 0 0 0 0 0 0 0 0 0 0 0 0 0 0 0 0 0 0 0 0 0 0 0 0 0 0 0 0 0 0 0 0 0 0 0 0 0 0 0 0 0 0 0 0 0 0 0 0 0 0 0 0 
0 0 1 0 0 0 0 0 0 0 0 0 0 0 0 0 0 0 0 0 0 0 0 0 0 0 0 0 0 0 0 0 0 0 0 0 0 0 0 0 0 0 0 0 0 0 0 0 0 0 0 0 0 0 0 0 0 0 0 0 0 0 0 0 0 0 0 0 0 0 0 0 0 0 0 0 0 0 0 0 0 0 0 0 0 0 0 0 0 0 0 0 0 0 0 0 0 0 0 0 0 0 0 0 0 0 0 0 0 0 0 0 0 0 0 0 0 0 0 0 0 
0 0 0 1 0 0 0 0 0 0 0 0 0 0 0 0 0 0 0 0 0 0 0 0 0 0 0 0 0 0 0 0 0 0 0 0 0 0 0 0 0 0 0 0 0 0 0 0 0 0 0 0 0 0 0 0 0 0 0 0 0 0 0 0 0 0 0 0 0 0 0 0 0 0 0 0 0 0 0 0 0 0 0 0 0 0 0 0 0 0 0 0 0 0 0 0 0 0 0 0 0 0 0 0 0 0 0 0 0 0 0 0 0 0 0 0 0 0 0 0 0 
0 0 0 0 1 1 0 0 0 0 0 0 0 0 0 0 0 0 0 0 0 0 0 0 0 0 0 0 0 0 0 0 0 0 0 0 0 0 0 0 0 0 0 0 0 0 0 0 0 0 0 0 0 0 0 0 0 0 0 0 0 0 0 0 0 0 0 0 0 0 0 0 0 0 0 0 0 0 0 0 0 0 0 0 0 0 0 0 0 0 0 0 0 0 0 0 0 0 0 0 0 0 0 0 0 0 0 0 0 0 0 0 0 0 0 0 0 0 0 0 0 
0 0 0 0 0 0 1 0 0 0 0 0 0 0 0 0 0 0 0 0 0 0 0 0 0 0 0 0 0 0 0 0 0 0 0 0 0 0 0 0 0 0 0 0 0 0 0 0 0 0 0 0 0 0 0 0 0 0 0 0 0 0 0 0 0 0 0 0 0 0 0 0 0 0 0 0 0 0 0 0 0 0 0 0 0 0 0 0 0 0 0 0 0 0 0 0 0 0 0 0 0 0 0 0 0 0 0 0 0 0 0 0 0 0 0 0 0 0 0 0 0 
0 0 0 0 0 0 0 1 0 0 0 0 0 0 0 0 0 0 0 0 0 0 0 0 0 0 0 0 0 0 0 0 0 0 0 0 0 0 0 0 0 0 0 0 0 0 0 0 0 0 0 0 0 0 0 0 0 0 0 0 0 0 0 0 0 0 0 0 0 0 0 0 0 0 0 0 0 0 0 0 0 0 0 0 0 0 0 0 0 0 0 0 0 0 0 0 0 0 0 0 0 0 0 0 0 0 0 0 0 0 0 0 0 0 0 0 0 0 0 0 0 
0 0 0 0 0 0 0 0 1 1 1 1 1 0 0 0 0 0 0 0 0 0 0 0 0 0 0 0 0 0 0 0 0 0 0 0 0 0 0 0 0 0 0 0 0 0 0 0 0 0 0 0 0 0 0 0 0 0 0 0 0 0 0 0 0 0 0 0 0 0 0 0 0 0 0 0 0 0 0 0 0 0 0 0 0 0 0 0 0 0 0 0 0 0 0 0 0 0 0 0 0 0 0 0 0 0 0 0 0 0 0 0 0 0 0 0 0 0 0 0 0 
0 0 0 0 0 0 0 0 0 0 0 0 0 1 0 0 0 0 0 0 0 0 0 0 0 0 0 0 0 0 0 0 0 0 0 0 0 0 0 0 0 0 0 0 0 0 0 0 0 0 0 0 0 0 0 0 0 0 0 0 0 0 0 0 0 0 0 0 0 0 0 0 0 0 0 0 0 0 0 0 0 0 0 0 0 0 0 0 0 0 0 0 0 0 0 0 0 0 0 0 0 0 0 0 0 0 0 0 0 0 0 0 0 0 0 0 0 0 0 0 0 
0 0 0 0 0 0 0 0 0 0 0 0 0 0 1 0 0 0 0 0 0 0 0 0 0 0 0 0 0 0 0 0 0 0 0 0 0 0 0 0 0 0 0 0 0 0 0 0 0 0 0 0 0 0 0 0 0 0 0 0 0 0 0 0 0 0 0 0 0 0 0 0 0 0 0 0 0 0 0 0 0 0 0 0 0 0 0 0 0 0 0 0 0 0 0 0 0 0 0 0 0 0 0 0 0 0 0 0 0 0 0 0 0 0 0 0 0 0 0 0 0 
0 0 0 0 0 0 0 0 0 0 0 0 0 0 0 1 0 0 0 0 0 0 0 0 0 0 0 0 0 0 0 0 0 0 0 0 0 0 0 0 0 0 0 0 0 0 0 0 0 0 0 0 0 0 0 0 0 0 0 0 0 0 0 0 0 0 0 0 0 0 0 0 0 0 0 0 0 0 0 0 0 0 0 0 0 0 0 0 0 0 0 0 0 0 0 0 0 0 0 0 0 0 0 0 0 0 0 0 0 0 0 0 0 0 0 0 0 0 0 0 0 
0 0 0 0 0 0 0 0 0 0 0 0 0 0 0 0 1 0 0 0 0 0 0 0 0 0 0 0 0 0 0 0 0 0 0 0 0 0 0 0 0 0 0 0 0 0 0 0 0 0 0 0 0 0 0 0 0 0 0 0 0 0 0 0 0 0 0 0 0 0 0 0 0 0 0 0 0 0 0 0 0 0 0 0 0 0 0 0 0 0 0 0 0 0 0 0 0 0 0 0 0 0 0 0 0 0 0 0 0 0 0 0 0 0 0 0 0 0 0 0 0 
0 0 0 0 0 0 0 0 0 0 0 0 0 0 0 0 0 1 1 0 0 0 0 0 0 0 0 0 0 0 0 0 0 0 0 0 0 0 0 0 0 0 0 0 0 0 0 0 0 0 0 0 0 0 0 0 0 0 0 0 0 0 0 0 0 0 0 0 0 0 0 0 0 0 0 0 0 0 0 0 0 0 0 0 0 0 0 0 0 0 0 0 0 0 0 0 0 0 0 0 0 0 0 0 0 0 0 0 0 0 0 0 0 0 0 0 0 0 0 0 0 
0 0 0 0 0 0 0 0 0 0 0 0 0 0 0 0 0 0 0 1 0 0 0 0 0 0 0 0 0 0 0 0 0 0 0 0 0 0 0 0 0 0 0 0 0 0 0 0 0 0 0 0 0 0 0 0 0 0 0 0 0 0 0 0 0 0 0 0 0 0 0 0 0 0 0 0 0 0 0 0 0 0 0 0 0 0 0 0 0 0 0 0 0 0 0 0 0 0 0 0 0 0 0 0 0 0 0 0 0 0 0 0 0 0 0 0 0 0 0 0 0 
0 0 0 0 0 0 0 0 0 0 0 0 0 0 0 0 0 0 0 0 1 0 0 0 0 0 0 0 0 0 0 0 0 0 0 0 0 0 0 0 0 0 0 0 0 0 0 0 0 0 0 0 0 0 0 0 0 0 0 0 0 0 0 0 0 0 0 0 0 0 0 0 0 0 0 0 0 0 0 0 0 0 0 0 0 0 0 0 0 0 0 0 0 0 0 0 0 0 0 0 0 0 0 0 0 0 0 0 0 0 0 0 0 0 0 0 0 0 0 0 0 
0 0 0 0 0 0 0 0 0 0 0 0 0 0 0 0 0 0 0 0 0 1 0 0 0 0 0 0 0 0 0 0 0 0 0 0 0 0 0 0 0 0 0 0 0 0 0 0 0 0 0 0 0 0 0 0 0 0 0 0 0 0 0 0 0 0 0 0 0 0 0 0 0 0 0 0 0 0 0 0 0 0 0 0 0 0 0 0 0 0 0 0 0 0 0 0 0 0 0 0 0 0 0 0 0 0 0 0 0 0 0 0 0 0 0 0 0 0 0 0 0 
0 0 0 0 0 0 0 0 0 0 0 0 0 0 0 0 0 0 0 0 0 0 1 1 0 0 0 0 0 0 0 0 0 0 0 0 0 0 0 0 0 0 0 0 0 0 0 0 0 0 0 0 0 0 0 0 0 0 0 0 0 0 0 0 0 0 0 0 0 0 0 0 0 0 0 0 0 0 0 0 0 0 0 0 0 0 0 0 0 0 0 0 0 0 0 0 0 0 0 0 0 0 0 0 0 0 0 0 0 0 0 0 0 0 0 0 0 0 0 0 0 
0 0 0 0 0 0 0 0 0 0 0 0 0 0 0 0 0 0 0 0 0 0 0 0 1 0 0 0 0 0 0 0 0 0 0 0 0 0 0 0 0 0 0 0 0 0 0 0 0 0 0 0 0 0 0 0 0 0 0 0 0 0 0 0 0 0 0 0 0 0 0 0 0 0 0 0 0 0 0 0 0 0 0 0 0 0 0 0 0 0 0 0 0 0 0 0 0 0 0 0 0 0 0 0 0 0 0 0 0 0 0 0 0 0 0 0 0 0 0 0 0 
0 0 0 0 0 0 0 0 0 0 0 0 0 0 0 0 0 0 0 0 0 0 0 0 0 1 1 0 0 0 0 0 0 0 0 0 0 0 0 0 0 0 0 0 0 0 0 0 0 0 0 0 0 0 0 0 0 0 0 0 0 0 0 0 0 0 0 0 0 0 0 0 0 0 0 0 0 0 0 0 0 0 0 0 0 0 0 0 0 0 0 0 0 0 0 0 0 0 0 0 0 0 0 0 0 0 0 0 0 0 0 0 0 0 0 0 0 0 0 0 0 
0 0 0 0 0 0 0 0 0 0 0 0 0 0 0 0 0 0 0 0 0 0 0 0 0 0 0 1 1 1 0 0 0 0 0 0 0 0 0 0 0 0 0 0 0 0 0 0 0 0 0 0 0 0 0 0 0 0 0 0 0 0 0 0 0 0 0 0 0 0 0 0 0 0 0 0 0 0 0 0 0 0 0 0 0 0 0 0 0 0 0 0 0 0 0 0 0 0 0 0 0 0 0 0 0 0 0 0 0 0 0 0 0 0 0 0 0 0 0 0 0 
0 0 0 0 0 0 0 0 0 0 0 0 0 0 0 0 0 0 0 0 0 0 0 0 0 0 0 0 0 0 1 0 0 0 0 0 0 0 0 0 0 0 0 0 0 0 0 0 0 0 0 0 0 0 0 0 0 0 0 0 0 0 0 0 0 0 0 0 0 0 0 0 0 0 0 0 0 0 0 0 0 0 0 0 0 0 0 0 0 0 0 0 0 0 0 0 0 0 0 0 0 0 0 0 0 0 0 0 0 0 0 0 0 0 0 0 0 0 0 0 0 
0 0 0 0 0 0 0 0 0 0 0 0 0 0 0 0 0 0 0 0 0 0 0 0 0 0 0 0 0 0 0 1 0 0 0 0 0 0 0 0 0 0 0 0 0 0 0 0 0 0 0 0 0 0 0 0 0 0 0 0 0 0 0 0 0 0 0 0 0 0 0 0 0 0 0 0 0 0 0 0 0 0 0 0 0 0 0 0 0 0 0 0 0 0 0 0 0 0 0 0 0 0 0 0 0 0 0 0 0 0 0 0 0 0 0 0 0 0 0 0 0 
0 0 0 0 0 0 0 0 0 0 0 0 0 0 0 0 0 0 0 0 0 0 0 0 0 0 0 0 0 0 0 0 1 0 0 0 0 0 0 0 0 0 0 0 0 0 0 0 0 0 0 0 0 0 0 0 0 0 0 0 0 0 0 0 0 0 0 0 0 0 0 0 0 0 0 0 0 0 0 0 0 0 0 0 0 0 0 0 0 0 0 0 0 0 0 0 0 0 0 0 0 0 0 0 0 0 0 0 0 0 0 0 0 0 0 0 0 0 0 0 0 
0 0 0 0 0 0 0 0 0 0 0 0 0 0 0 0 0 0 0 0 0 0 0 0 0 0 0 0 0 0 0 0 0 1 0 0 0 0 0 0 0 0 0 0 0 0 0 0 0 0 0 0 0 0 0 0 0 0 0 0 0 0 0 0 0 0 0 0 0 0 0 0 0 0 0 0 0 0 0 0 0 0 0 0 0 0 0 0 0 0 0 0 0 0 0 0 0 0 0 0 0 0 0 0 0 0 0 0 0 0 0 0 0 0 0 0 0 0 0 0 0 
0 0 0 0 0 0 0 0 0 0 0 0 0 0 0 0 0 0 0 0 0 0 0 0 0 0 0 0 0 0 0 0 0 0 1 1 1 0 0 0 0 0 0 0 0 0 0 0 0 0 0 0 0 0 0 0 0 0 0 0 0 0 0 0 0 0 0 0 0 0 0 0 0 0 0 0 0 0 0 0 0 0 0 0 0 0 0 0 0 0 0 0 0 0 0 0 0 0 0 0 0 0 0 0 0 0 0 0 0 0 0 0 0 0 0 0 0 0 0 0 0 
0 0 0 0 0 0 0 0 0 0 0 0 0 0 0 0 0 0 0 0 0 0 0 0 0 0 0 0 0 0 0 0 0 0 0 0 0 1 0 0 0 0 0 0 0 0 0 0 0 0 0 0 0 0 0 0 0 0 0 0 0 0 0 0 0 0 0 0 0 0 0 0 0 0 0 0 0 0 0 0 0 0 0 0 0 0 0 0 0 0 0 0 0 0 0 0 0 0 0 0 0 0 0 0 0 0 0 0 0 0 0 0 0 0 0 0 0 0 0 0 0 
0 0 0 0 0 0 0 0 0 0 0 0 0 0 0 0 0 0 0 0 0 0 0 0 0 0 0 0 0 0 0 0 0 0 0 0 0 0 1 0 0 0 0 0 0 0 0 0 0 0 0 0 0 0 0 0 0 0 0 0 0 0 0 0 0 0 0 0 0 0 0 0 0 0 0 0 0 0 0 0 0 0 0 0 0 0 0 0 0 0 0 0 0 0 0 0 0 0 0 0 0 0 0 0 0 0 0 0 0 0 0 0 0 0 0 0 0 0 0 0 0 
0 0 0 0 0 0 0 0 0 0 0 0 0 0 0 0 0 0 0 0 0 0 0 0 0 0 0 0 0 0 0 0 0 0 0 0 0 0 0 1 0 0 0 0 0 0 0 0 0 0 0 0 0 0 0 0 0 0 0 0 0 0 0 0 0 0 0 0 0 0 0 0 0 0 0 0 0 0 0 0 0 0 0 0 0 0 0 0 0 0 0 0 0 0 0 0 0 0 0 0 0 0 0 0 0 0 0 0 0 0 0 0 0 0 0 0 0 0 0 0 0 
0 0 0 0 0 0 0 0 0 0 0 0 0 0 0 0 0 0 0 0 0 0 0 0 0 0 0 0 0 0 0 0 0 0 0 0 0 0 0 0 1 0 0 0 0 0 0 0 0 0 0 0 0 0 0 0 0 0 0 0 0 0 0 0 0 0 0 0 0 0 0 0 0 0 0 0 0 0 0 0 0 0 0 0 0 0 0 0 0 0 0 0 0 0 0 0 0 0 0 0 0 0 0 0 0 0 0 0 0 0 0 0 0 0 0 0 0 0 0 0 0 
0 0 0 0 0 0 0 0 0 0 0 0 0 0 0 0 0 0 0 0 0 0 0 0 0 0 0 0 0 0 0 0 0 0 0 0 0 0 0 0 0 1 1 0 0 0 0 0 0 0 0 0 0 0 0 0 0 0 0 0 0 0 0 0 0 0 0 0 0 0 0 0 0 0 0 0 0 0 0 0 0 0 0 0 0 0 0 0 0 0 0 0 0 0 0 0 0 0 0 0 0 0 0 0 0 0 0 0 0 0 0 0 0 0 0 0 0 0 0 0 0 
0 0 0 0 0 0 0 0 0 0 0 0 0 0 0 0 0 0 0 0 0 0 0 0 0 0 0 0 0 0 0 0 0 0 0 0 0 0 0 0 0 0 0 1 0 0 0 0 0 0 0 0 0 0 0 0 0 0 0 0 0 0 0 0 0 0 0 0 0 0 0 0 0 0 0 0 0 0 0 0 0 0 0 0 0 0 0 0 0 0 0 0 0 0 0 0 0 0 0 0 0 0 0 0 0 0 0 0 0 0 0 0 0 0 0 0 0 0 0 0 0 
0 0 0 0 0 0 0 0 0 0 0 0 0 0 0 0 0 0 0 0 0 0 0 0 0 0 0 0 0 0 0 0 0 0 0 0 0 0 0 0 0 0 0 0 1 1 1 1 1 1 0 0 0 0 0 0 0 0 0 0 0 0 0 0 0 0 0 0 0 0 0 0 0 0 0 0 0 0 0 0 0 0 0 0 0 0 0 0 0 0 0 0 0 0 0 0 0 0 0 0 0 0 0 0 0 0 0 0 0 0 0 0 0 0 0 0 0 0 0 0 0 
0 0 0 0 0 0 0 0 0 0 0 0 0 0 0 0 0 0 0 0 0 0 0 0 0 0 0 0 0 0 0 0 0 0 0 0 0 0 0 0 0 0 0 0 0 0 0 0 0 0 1 1 1 1 1 0 0 0 0 0 0 0 0 0 0 0 0 0 0 0 0 0 0 0 0 0 0 0 0 0 0 0 0 0 0 0 0 0 0 0 0 0 0 0 0 0 0 0 0 0 0 0 0 0 0 0 0 0 0 0 0 0 0 0 0 0 0 0 0 0 0 
0 0 0 0 0 0 0 0 0 0 0 0 0 0 0 0 0 0 0 0 0 0 0 0 0 0 0 0 0 0 0 0 0 0 0 0 0 0 0 0 0 0 0 0 0 0 0 0 0 0 0 0 0 0 0 1 1 0 0 0 0 0 0 0 0 0 0 0 0 0 0 0 0 0 0 0 0 0 0 0 0 0 0 0 0 0 0 0 0 0 0 0 0 0 0 0 0 0 0 0 0 0 0 0 0 0 0 0 0 0 0 0 0 0 0 0 0 0 0 0 0 
0 0 0 0 0 0 0 0 0 0 0 0 0 0 0 0 0 0 0 0 0 0 0 0 0 0 0 0 0 0 0 0 0 0 0 0 0 0 0 0 0 0 0 0 0 0 0 0 0 0 0 0 0 0 0 0 0 1 1 0 0 0 0 0 0 0 0 0 0 0 0 0 0 0 0 0 0 0 0 0 0 0 0 0 0 0 0 0 0 0 0 0 0 0 0 0 0 0 0 0 0 0 0 0 0 0 0 0 0 0 0 0 0 0 0 0 0 0 0 0 0 
0 0 0 0 0 0 0 0 0 0 0 0 0 0 0 0 0 0 0 0 0 0 0 0 0 0 0 0 0 0 0 0 0 0 0 0 0 0 0 0 0 0 0 0 0 0 0 0 0 0 0 0 0 0 0 0 0 0 0 1 0 0 0 0 0 0 0 0 0 0 0 0 0 0 0 0 0 0 0 0 0 0 0 0 0 0 0 0 0 0 0 0 0 0 0 0 0 0 0 0 0 0 0 0 0 0 0 0 0 0 0 0 0 0 0 0 0 0 0 0 0 
0 0 0 0 0 0 0 0 0 0 0 0 0 0 0 0 0 0 0 0 0 0 0 0 0 0 0 0 0 0 0 0 0 0 0 0 0 0 0 0 0 0 0 0 0 0 0 0 0 0 0 0 0 0 0 0 0 0 0 0 1 0 0 0 0 0 0 0 0 0 0 0 0 0 0 0 0 0 0 0 0 0 0 0 0 0 0 0 0 0 0 0 0 0 0 0 0 0 0 0 0 0 0 0 0 0 0 0 0 0 0 0 0 0 0 0 0 0 0 0 0 
0 0 0 0 0 0 0 0 0 0 0 0 0 0 0 0 0 0 0 0 0 0 0 0 0 0 0 0 0 0 0 0 0 0 0 0 0 0 0 0 0 0 0 0 0 0 0 0 0 0 1 1 1 1 1 0 0 0 0 0 0 0 0 0 0 0 0 0 0 0 0 0 0 0 0 0 0 0 0 0 0 0 0 0 0 0 0 0 0 0 0 0 0 0 0 0 0 0 0 0 0 0 0 0 0 0 0 0 0 0 0 0 0 0 0 0 0 0 0 0 0 
0 0 0 0 0 0 0 0 0 0 0 0 0 0 0 0 0 0 0 0 0 0 0 0 0 0 0 0 0 0 0 0 0 0 0 0 0 0 0 0 0 0 0 0 0 0 0 0 0 0 0 0 0 0 0 0 0 0 0 0 0 1 0 0 0 0 0 0 0 0 0 0 0 0 0 0 0 0 0 0 0 0 0 0 0 0 0 0 0 0 0 0 0 0 0 0 0 0 0 0 0 0 0 0 0 0 0 0 0 0 0 0 0 0 0 0 0 0 0 0 0 
0 0 0 0 0 0 0 0 0 0 0 0 0 0 0 0 0 0 0 0 0 0 0 0 0 0 0 0 0 0 0 0 0 0 0 0 0 0 0 0 0 0 0 0 0 0 0 0 0 0 0 0 0 0 0 0 0 0 0 0 0 0 1 0 0 0 0 0 0 0 0 0 0 0 0 0 0 0 0 0 0 0 0 0 0 0 0 0 0 0 0 0 0 0 0 0 0 0 0 0 0 0 0 0 0 0 0 0 0 0 0 0 0 0 0 0 0 0 0 0 0 
0 0 0 0 0 0 0 0 0 0 0 0 0 0 0 0 0 0 0 0 0 0 0 0 0 0 0 0 0 0 0 0 0 0 0 0 0 1 0 0 0 0 0 0 0 0 0 0 0 0 0 0 0 0 0 0 0 0 0 0 0 0 0 0 0 0 0 0 0 0 0 0 0 0 0 0 0 0 0 0 0 0 0 0 0 0 0 0 0 0 0 0 0 0 0 0 0 0 0 0 0 0 0 0 0 0 0 0 0 0 0 0 0 0 0 0 0 0 0 0 0 
0 0 0 0 0 0 0 0 0 0 0 0 0 0 0 0 0 0 0 0 0 0 0 0 0 0 0 0 0 0 0 0 0 0 0 0 0 0 0 0 0 0 0 0 0 0 0 0 0 0 0 0 0 0 0 0 0 0 0 0 0 0 0 1 1 0 0 0 0 0 0 0 0 0 0 0 0 0 0 0 0 0 0 0 0 0 0 0 0 0 0 0 0 0 0 0 0 0 0 0 0 0 0 0 0 0 0 0 0 0 0 0 0 0 0 0 0 0 0 0 0 
0 0 0 0 0 0 0 0 0 0 0 0 0 0 0 0 0 0 0 0 0 0 0 0 0 0 0 0 0 0 0 0 0 0 0 0 0 0 0 0 0 0 0 0 0 0 0 0 0 0 0 0 0 0 0 0 0 0 0 0 0 0 0 0 0 1 1 0 0 0 0 0 0 0 0 0 0 0 0 0 0 0 0 0 0 0 0 0 0 0 0 0 0 0 0 0 0 0 0 0 0 0 0 0 0 0 0 0 0 0 0 0 0 0 0 0 0 0 0 0 0 
0 0 0 0 0 0 0 0 0 0 0 0 0 0 0 0 0 0 0 0 0 0 0 0 0 0 0 0 0 0 0 0 0 0 0 0 0 0 0 0 0 0 0 0 0 0 0 0 0 0 0 0 0 0 0 0 0 0 0 0 0 0 0 0 0 0 0 1 1 0 0 0 0 0 0 0 0 0 0 0 0 0 0 0 0 0 0 0 0 0 0 0 0 0 0 0 0 0 0 0 0 0 0 0 0 0 0 0 0 0 0 0 0 0 0 0 0 0 0 0 0 
0 0 0 0 0 0 0 0 0 0 0 0 0 0 0 0 0 0 0 0 0 0 0 0 0 0 0 0 0 0 0 0 0 0 0 0 0 0 0 0 0 0 0 0 0 0 0 0 0 0 0 0 0 0 0 0 0 0 0 0 0 0 0 0 0 0 0 0 0 1 0 0 0 0 0 0 0 0 0 0 0 0 0 0 0 0 0 0 0 0 0 0 0 0 0 0 0 0 0 0 0 0 0 0 0 0 0 0 0 0 0 0 0 0 0 0 0 0 0 0 0 
0 0 0 0 0 0 0 0 0 0 0 0 0 0 0 0 0 0 0 0 0 0 0 0 0 0 0 0 0 0 0 0 0 0 0 0 0 0 0 0 0 0 0 0 0 0 0 0 0 0 0 0 0 0 0 0 0 0 0 0 0 0 0 0 0 0 0 0 0 0 1 0 0 0 0 0 0 0 0 0 0 0 0 0 0 0 0 0 0 0 0 0 0 0 0 0 0 0 0 0 0 0 0 0 0 0 0 0 0 0 0 0 0 0 0 0 0 0 0 0 0 
0 0 0 0 0 0 0 0 0 0 0 0 0 0 0 0 0 0 0 0 0 0 0 0 0 0 0 0 0 0 0 0 0 0 0 0 0 0 0 0 0 0 0 0 0 0 0 0 0 0 0 0 0 0 0 0 0 0 0 0 0 0 0 0 0 0 0 0 0 0 0 1 0 0 0 0 0 0 0 0 0 0 0 0 0 0 0 0 0 0 0 0 0 0 0 0 0 0 0 0 0 0 0 0 0 0 0 0 0 0 0 0 0 0 0 0 0 0 0 0 0 
0 0 0 0 0 0 0 0 0 0 0 0 0 0 0 0 0 0 0 0 0 0 0 0 0 0 0 0 0 0 0 0 0 0 0 0 0 0 0 0 0 0 0 0 0 0 0 0 0 0 0 0 0 0 0 0 0 0 0 0 0 0 0 0 0 0 0 0 0 0 0 0 1 0 0 0 0 0 0 0 0 0 0 0 0 0 0 0 0 0 0 0 0 0 0 0 0 0 0 0 0 0 0 0 0 0 0 0 0 0 0 0 0 0 0 0 0 0 0 0 0 
0 0 0 0 0 0 0 0 0 0 0 0 0 0 0 0 0 0 0 0 0 0 0 0 0 0 0 0 0 0 0 0 0 0 0 0 0 0 0 0 0 0 0 0 0 0 0 0 0 0 0 0 0 0 0 0 0 0 0 0 0 0 0 0 0 0 0 0 0 0 0 0 0 1 1 0 0 0 0 0 0 0 0 0 0 0 0 0 0 0 0 0 0 0 0 0 0 0 0 0 0 0 0 0 0 0 0 0 0 0 0 0 0 0 0 0 0 0 0 0 0 
0 0 0 0 0 0 0 0 0 0 0 0 0 0 0 0 0 0 0 0 0 0 0 0 0 0 0 0 0 0 0 0 0 0 0 0 0 0 0 0 0 0 0 0 0 0 0 0 0 0 0 0 0 0 0 0 0 0 0 0 0 0 0 0 0 0 0 0 0 0 0 0 0 0 0 1 0 0 0 0 0 0 0 0 0 0 0 0 0 0 0 0 0 0 0 0 0 0 0 0 0 0 0 0 0 0 0 0 0 0 0 0 0 0 0 0 0 0 0 0 0 
0 0 0 0 0 0 0 0 0 0 0 0 0 0 0 0 0 0 0 0 0 0 0 0 0 0 0 0 0 0 0 0 0 0 0 0 0 0 0 0 0 0 0 0 0 0 0 0 0 0 0 0 0 0 0 0 0 0 0 0 0 0 0 0 0 0 0 0 0 0 0 0 0 0 0 0 1 0 0 0 0 0 0 0 0 0 0 0 0 0 0 0 0 0 0 0 0 0 0 0 0 0 0 0 0 0 0 0 0 0 0 0 0 0 0 0 0 0 0 0 0 
0 0 0 0 0 0 0 0 0 0 0 0 0 0 0 0 0 0 0 0 0 0 0 0 0 0 0 0 0 0 0 0 0 0 0 0 0 0 0 0 0 0 0 0 0 0 0 0 0 0 0 0 0 0 0 0 0 0 0 0 0 0 0 0 0 0 0 0 0 0 0 0 0 0 0 0 0 1 0 0 0 0 0 0 0 0 0 0 0 0 0 0 0 0 0 0 0 0 0 0 0 0 0 0 0 0 0 0 0 0 0 0 0 0 0 0 0 0 0 0 0 
0 0 0 0 0 0 0 0 0 0 0 0 0 0 0 0 0 0 0 0 0 0 0 0 0 0 0 0 0 0 0 0 0 0 0 0 0 0 0 0 0 0 0 0 0 0 0 0 0 0 0 0 0 0 0 0 0 0 0 0 0 0 0 0 0 0 0 0 0 0 0 0 0 0 0 0 0 0 1 0 0 0 0 0 0 0 0 0 0 0 0 0 0 0 0 0 0 0 0 0 0 0 0 0 0 0 0 0 0 0 0 0 0 0 0 0 0 0 0 0 0 
0 0 0 0 0 0 0 0 0 0 0 0 0 0 0 0 0 0 0 0 0 0 0 0 0 0 0 0 0 0 0 0 0 0 0 0 0 0 0 0 0 0 0 0 1 1 1 1 1 1 0 0 0 0 0 0 0 0 0 0 0 0 0 0 0 0 0 0 0 0 0 0 0 0 0 0 0 0 0 0 0 0 0 0 0 0 0 0 0 0 0 0 0 0 0 0 0 0 0 0 0 0 0 0 0 0 0 0 0 0 0 0 0 0 0 0 0 0 0 0 0 
0 0 0 0 0 0 0 0 0 0 0 0 0 0 0 0 0 0 0 0 0 0 0 0 0 0 0 0 0 0 0 0 0 0 0 0 0 0 0 0 0 0 0 0 0 0 0 0 0 0 0 0 0 0 0 0 0 0 0 0 0 0 0 0 0 0 0 1 1 0 0 0 0 0 0 0 0 0 0 0 0 0 0 0 0 0 0 0 0 0 0 0 0 0 0 0 0 0 0 0 0 0 0 0 0 0 0 0 0 0 0 0 0 0 0 0 0 0 0 0 0 
0 0 0 0 0 0 0 0 0 0 0 0 0 0 0 0 0 0 0 0 0 0 0 0 0 0 0 0 0 0 0 0 0 0 0 0 0 0 0 0 0 0 0 0 0 0 0 0 0 0 0 0 0 0 0 0 0 0 0 0 0 0 0 0 0 0 0 0 0 0 0 0 0 0 0 0 0 0 0 1 1 1 0 0 0 0 0 0 0 0 0 0 0 0 0 0 0 0 0 0 0 0 0 0 0 0 0 0 0 0 0 0 0 0 0 0 0 0 0 0 0 
0 0 0 0 0 0 0 0 0 0 0 0 0 0 0 0 0 0 0 0 0 0 0 0 0 0 0 0 0 0 0 0 0 0 0 0 0 0 0 0 0 0 0 0 0 0 0 0 0 0 0 0 0 0 0 0 0 0 0 0 0 0 0 0 0 0 0 0 0 0 0 0 0 0 0 0 0 0 0 0 0 0 1 1 0 0 0 0 0 0 0 0 0 0 0 0 0 0 0 0 0 0 0 0 0 0 0 0 0 0 0 0 0 0 0 0 0 0 0 0 0 
0 0 0 0 0 0 0 0 0 0 0 0 0 0 0 0 0 0 0 0 0 0 0 0 0 0 0 0 0 0 0 0 0 0 0 0 0 0 0 0 0 0 0 0 0 0 0 0 0 0 0 0 0 0 0 0 0 0 0 0 0 0 0 0 0 0 0 0 0 0 0 0 0 0 0 0 0 0 0 0 0 0 0 0 1 0 0 0 0 0 0 0 0 0 0 0 0 0 0 0 0 0 0 0 0 0 0 0 0 0 0 0 0 0 0 0 0 0 0 0 0 
0 0 0 0 0 0 0 0 0 0 0 0 0 0 0 0 0 0 0 0 0 0 0 0 0 0 0 0 0 0 0 0 0 0 0 0 0 0 0 0 0 0 0 0 0 0 0 0 0 0 0 0 0 0 0 0 0 0 0 0 0 0 0 0 0 0 0 0 0 0 0 0 0 0 0 0 0 0 0 0 0 0 0 0 0 1 0 0 0 0 0 0 0 0 0 0 0 0 0 0 0 0 0 0 0 0 0 0 0 0 0 0 0 0 0 0 0 0 0 0 0 
0 0 0 0 0 0 0 0 0 0 0 0 0 0 0 0 0 0 0 0 0 0 0 0 0 0 0 0 0 0 0 0 0 0 0 0 0 0 0 0 0 0 0 0 0 0 0 0 0 0 0 0 0 0 0 0 0 0 0 0 0 0 0 0 0 0 0 0 0 0 0 0 0 0 0 0 0 0 0 0 0 0 1 1 0 0 0 0 0 0 0 0 0 0 0 0 0 0 0 0 0 0 0 0 0 0 0 0 0 0 0 0 0 0 0 0 0 0 0 0 0 
0 0 0 0 0 0 0 0 0 0 0 0 0 0 0 0 0 0 0 0 0 0 0 0 0 0 0 0 0 0 0 0 0 0 0 0 0 0 0 0 0 0 0 0 0 0 0 0 0 0 0 0 0 0 0 0 0 0 0 0 0 0 0 0 0 0 0 0 0 0 0 0 0 0 0 0 0 0 0 0 0 0 0 0 0 0 1 0 0 0 0 0 0 0 0 0 0 0 0 0 0 0 0 0 0 0 0 0 0 0 0 0 0 0 0 0 0 0 0 0 0 
0 0 0 0 0 0 0 0 0 0 0 0 0 0 0 0 0 0 0 0 0 0 0 0 0 0 0 0 0 0 0 0 0 0 0 0 0 0 0 0 0 0 0 0 0 0 0 0 0 0 0 0 0 0 0 0 0 0 0 0 0 0 0 0 0 0 0 0 0 0 0 0 1 0 0 0 0 0 0 0 0 0 0 0 0 0 0 0 0 0 0 0 0 0 0 0 0 0 0 0 0 0 0 0 0 0 0 0 0 0 0 0 0 0 0 0 0 0 0 0 0 
0 0 0 0 0 0 0 0 0 0 0 0 0 0 0 0 0 0 0 0 0 0 0 0 0 0 0 0 0 0 0 0 0 0 0 0 0 0 0 0 0 0 0 0 0 0 0 0 0 0 0 0 0 0 0 0 0 0 0 0 0 0 0 0 0 0 0 0 0 0 0 0 0 0 0 0 0 0 0 0 0 0 0 0 0 0 0 1 0 0 0 0 0 0 0 0 0 0 0 0 0 0 0 0 0 0 0 0 0 0 0 0 0 0 0 0 0 0 0 0 0 
0 0 0 0 0 0 0 0 0 0 0 0 0 0 0 0 0 0 0 0 0 0 0 0 0 0 0 0 0 0 0 0 0 0 0 0 0 0 0 0 0 0 0 0 0 0 0 0 0 0 0 0 0 0 0 0 0 0 0 0 0 0 0 0 0 0 0 0 0 0 0 0 0 0 0 0 0 0 0 0 0 0 0 0 0 0 0 0 1 0 0 0 0 0 0 0 0 0 0 0 0 0 0 0 0 0 0 0 0 0 0 0 0 0 0 0 0 0 0 0 0 
0 0 0 0 0 0 0 0 0 0 0 0 0 0 0 0 0 0 0 0 0 0 0 0 0 0 0 0 0 0 0 0 0 0 0 0 0 0 0 0 0 0 0 0 0 0 0 0 0 0 0 0 0 0 0 0 0 0 0 0 0 0 0 0 0 0 0 0 0 0 0 0 0 0 0 0 0 0 0 0 0 0 0 0 0 0 0 0 0 1 0 0 0 0 0 0 0 0 0 0 0 0 0 0 0 0 0 0 0 0 0 0 0 0 0 0 0 0 0 0 0 
0 0 0 0 0 0 0 0 0 0 0 0 0 0 0 0 0 0 0 0 0 0 0 0 0 0 0 0 0 0 0 0 0 0 0 0 0 0 0 0 0 0 0 0 0 0 0 0 0 0 0 0 0 0 0 0 0 0 0 0 0 0 0 0 0 0 0 0 0 0 0 0 0 0 0 0 0 0 0 0 0 0 0 0 0 0 0 0 0 0 1 0 0 0 0 0 0 0 0 0 0 0 0 0 0 0 0 0 0 0 0 0 0 0 0 0 0 0 0 0 0 
0 0 0 0 0 0 0 0 0 0 0 0 0 0 0 0 0 0 0 0 0 0 0 0 0 0 0 0 0 0 0 0 0 0 0 0 0 0 0 0 0 0 0 0 0 0 0 0 0 0 0 0 0 0 0 0 0 0 0 0 0 0 0 0 0 0 0 0 0 0 0 0 0 0 0 0 0 0 0 0 0 0 0 0 0 0 0 0 0 0 0 1 0 0 0 0 0 0 0 0 0 0 0 0 0 0 0 0 0 0 0 0 0 0 0 0 0 0 0 0 0 
0 0 0 0 0 0 0 0 0 0 0 0 0 0 0 0 0 0 0 0 0 0 0 0 0 0 0 0 0 0 0 0 0 0 0 0 0 0 0 0 0 0 0 0 0 0 0 0 0 0 0 0 0 0 0 0 0 0 0 0 0 0 0 0 0 0 0 0 0 0 0 0 0 0 0 0 0 0 0 0 0 0 0 0 0 0 0 0 0 0 0 0 1 1 1 1 1 1 1 1 1 1 1 1 1 1 1 1 0 0 0 0 0 0 0 0 0 0 0 0 0 
0 0 0 0 0 0 0 0 0 0 0 0 0 0 0 0 0 0 0 0 0 0 0 0 0 0 0 0 0 0 0 0 0 0 0 0 0 0 0 0 0 0 0 0 0 0 0 0 0 0 0 0 0 0 0 0 0 0 0 0 0 0 0 0 0 0 0 0 0 0 0 0 0 0 0 0 0 0 0 0 0 0 0 0 0 0 0 0 0 0 0 0 0 0 0 0 0 0 0 0 0 0 0 0 0 0 0 0 1 0 0 0 0 0 0 0 0 0 0 0 0 
0 0 0 0 0 0 0 0 0 0 0 0 0 0 0 0 0 0 0 0 0 0 0 0 0 0 0 0 0 0 0 0 0 0 0 0 0 0 0 0 0 0 0 0 0 0 0 0 0 0 0 0 0 0 0 0 0 0 0 0 0 0 0 0 0 0 0 0 0 0 0 0 0 0 0 0 0 0 0 0 0 0 0 0 0 0 0 0 0 0 0 0 0 0 0 0 0 0 0 0 0 0 0 0 0 0 0 0 0 1 0 0 0 0 0 0 0 0 0 0 0 
0 0 0 0 0 0 0 0 0 0 0 0 0 0 0 0 0 0 0 0 0 0 0 0 0 0 0 0 0 0 0 0 0 0 0 0 0 0 0 0 0 0 0 0 0 0 0 0 0 0 0 0 0 0 0 0 0 0 0 0 0 0 0 0 0 0 0 0 0 0 0 0 0 0 0 0 0 0 0 0 0 0 0 0 0 0 0 0 0 0 0 0 0 0 0 0 0 0 0 0 0 0 0 0 0 0 0 0 0 0 1 0 0 0 0 0 0 0 0 0 0 
0 0 0 0 0 0 0 0 0 0 0 0 0 0 0 0 0 0 0 0 0 0 0 0 0 0 0 0 0 0 0 0 0 0 0 0 0 0 0 0 0 0 0 0 0 0 0 0 0 0 0 0 0 0 0 0 0 0 0 0 0 0 0 0 0 0 0 0 0 0 0 0 0 0 0 0 0 0 0 0 0 0 0 0 0 0 0 0 0 0 0 0 0 0 0 0 0 0 0 0 0 0 0 0 0 0 0 0 0 0 0 1 0 0 0 0 0 0 0 0 0 
0 0 0 0 0 0 0 0 0 0 0 0 0 0 0 0 0 0 0 0 0 0 0 0 0 0 0 0 0 0 0 0 0 0 0 0 0 0 0 0 0 0 0 0 0 0 0 0 0 0 0 0 0 0 0 0 0 0 0 0 0 0 0 0 0 0 0 0 0 0 0 0 0 0 0 0 0 0 0 0 0 0 0 0 0 0 0 0 0 0 0 0 0 0 0 0 0 0 0 0 0 0 0 0 0 0 0 0 0 0 0 0 1 0 0 0 0 0 0 0 0 
0 0 0 0 0 0 0 0 0 0 0 0 0 0 0 0 0 0 0 0 0 0 0 0 0 0 0 0 0 0 0 0 0 0 0 0 0 0 0 0 0 0 0 0 0 0 0 0 0 0 0 0 0 0 0 0 0 0 0 0 0 0 0 0 0 0 0 0 0 0 0 0 0 0 0 0 0 0 0 0 0 0 0 0 0 0 0 0 0 0 0 0 0 0 0 0 0 0 0 0 0 0 0 0 0 0 0 0 0 0 0 0 0 1 0 0 0 0 0 0 0 
0 0 0 0 0 0 0 0 0 0 0 0 0 0 0 0 0 0 0 0 0 0 0 0 0 0 0 0 0 0 0 0 0 0 0 0 0 0 0 0 0 0 0 0 0 0 0 0 0 0 0 0 0 0 0 0 0 0 0 0 0 0 0 0 0 0 0 0 0 0 0 0 0 0 0 0 0 0 0 0 0 0 0 0 0 0 0 0 0 0 0 0 0 0 0 0 0 0 0 0 0 0 0 0 0 0 0 0 0 0 0 0 0 0 1 0 0 0 0 0 0 
0 0 0 0 0 0 0 0 0 0 0 0 0 0 0 0 0 0 0 0 0 0 0 0 0 0 0 0 0 0 0 0 0 0 0 0 0 0 0 0 0 0 0 0 0 0 0 0 0 0 0 0 0 0 0 0 0 0 0 0 0 0 0 0 0 0 0 0 0 0 0 0 0 0 0 0 0 0 0 0 0 0 0 0 0 0 0 0 0 0 0 0 0 0 0 0 0 0 0 0 0 0 0 0 0 0 0 0 0 0 0 0 0 0 0 1 0 0 0 0 0 
0 0 0 0 0 0 0 0 0 0 0 0 0 0 0 0 0 0 0 0 0 0 0 0 0 0 0 0 0 0 0 0 0 0 0 0 0 0 0 0 0 0 0 0 0 0 0 0 0 0 0 0 0 0 0 0 0 0 0 0 0 0 0 0 0 0 0 0 0 0 0 0 0 0 0 0 0 0 0 0 0 0 0 0 0 0 0 0 0 0 0 0 0 0 0 0 0 0 0 0 0 0 0 0 0 0 0 0 0 0 0 0 0 0 0 0 1 1 0 0 0 
0 0 0 0 0 0 0 0 0 0 0 0 0 0 0 0 0 0 0 0 0 0 0 0 0 0 0 0 0 0 0 0 0 0 0 0 0 0 0 0 0 0 0 0 0 0 0 0 0 0 0 0 0 0 0 0 0 0 0 0 0 0 0 0 0 0 0 0 0 0 0 0 0 0 0 0 0 0 0 0 0 0 0 0 0 0 0 0 0 0 0 0 0 0 0 0 0 0 0 0 0 0 0 0 0 0 0 0 0 0 0 0 0 0 0 0 0 0 1 0 0 
0 0 0 0 0 0 0 0 0 0 0 0 0 0 0 0 0 0 0 0 0 0 0 0 0 0 0 0 0 0 0 0 0 0 0 0 0 0 0 0 0 0 0 0 0 0 0 0 0 0 0 0 0 0 0 0 0 0 0 0 0 0 0 0 0 0 0 0 0 0 0 0 0 0 0 0 0 0 0 0 0 0 0 0 0 0 0 0 0 0 0 0 0 0 0 0 0 0 0 0 0 0 0 0 0 0 0 0 0 0 0 0 0 0 0 0 0 0 0 1 0 
0 0 0 0 0 0 0 0 0 0 0 0 0 0 0 0 0 0 0 0 0 0 0 0 0 0 0 0 0 0 0 0 0 0 0 0 0 0 0 0 0 0 0 0 0 0 0 0 0 0 0 0 0 0 0 0 0 0 0 0 0 0 0 0 0 0 0 0 0 0 0 0 0 0 0 0 0 0 0 0 0 0 0 0 0 0 0 0 0 0 0 0 0 0 0 0 0 0 0 0 0 0 0 0 0 0 0 0 0 0 0 0 0 0 0 0 0 0 0 0 1 
8 74 70 12 47 37 1 27 53 43 57 6 48 46 33 59 35 2 10 3 