10
20
14
32
86400
0.1
0.007200000000000001 0.005 0.0027067669172932333 0.01142857142857143 0.003444976076555024 0.005970149253731343 0.0027067669172932333 0.009523809523809525 0.009625668449197862 0.0058823529411764705 0.009207161125319694 0.009625668449197862 0.0075630252100840345 0.007200000000000001 0.003773584905660377 0.005970149253731343 0.006557377049180328 0.0075630252100840345 0.007407407407407408 0.003773584905660377 
43.199999999999996 30 16.240601503759397 68.57142857142857 20.66985645933014 35.82089552238806 16.240601503759397 57.142857142857146 57.75401069518717 35.29411764705882 55.24296675191816 57.75401069518717 45.378151260504204 43.199999999999996 22.64150943396226 35.82089552238806 39.34426229508196 45.378151260504204 44.44444444444444 22.64150943396226 
72 50 27.06766917293233 114.28571428571429 34.44976076555024 59.701492537313435 27.06766917293233 95.23809523809524 96.25668449197862 58.8235294117647 92.07161125319693 96.25668449197862 75.63025210084034 72 37.73584905660377 59.701492537313435 65.57377049180327 75.63025210084034 74.07407407407408 37.73584905660377 
0 10800 10800 10800 10800 10800 10800 10800 10800 10800 10800 10800 10800 10800 10800 10800 10800 10800 10800 10800 
10800 0 10800 10800 10800 10800 10800 10800 10800 10800 10800 10800 10800 10800 10800 10800 10800 10800 10800 10800 
10800 10800 0 10800 10800 10800 10800 10800 10800 10800 10800 10800 10800 10800 10800 10800 10800 10800 10800 10800 
10800 10800 10800 0 10800 10800 10800 10800 10800 10800 10800 10800 10800 10800 10800 10800 10800 10800 10800 10800 
10800 10800 10800 10800 0 10800 10800 10800 10800 10800 10800 10800 10800 10800 10800 10800 10800 10800 10800 10800 
10800 10800 10800 10800 10800 0 10800 10800 10800 10800 10800 10800 10800 10800 10800 3600 10800 10800 10800 10800 
10800 10800 10800 10800 10800 10800 0 10800 10800 10800 10800 10800 10800 10800 10800 10800 10800 10800 10800 10800 
10800 10800 10800 10800 10800 10800 10800 0 10800 10800 10800 10800 10800 10800 10800 10800 10800 10800 10800 10800 
10800 10800 10800 10800 10800 10800 10800 10800 0 10800 10800 10800 10800 10800 10800 10800 10800 10800 10800 10800 
10800 10800 10800 10800 10800 10800 10800 10800 10800 0 10800 10800 10800 10800 10800 10800 10800 10800 10800 10800 
10800 10800 10800 10800 10800 10800 10800 10800 10800 10800 0 10800 10800 10800 10800 10800 10800 10800 10800 10800 
10800 10800 10800 10800 10800 10800 10800 10800 10800 10800 10800 0 10800 10800 10800 10800 10800 10800 10800 10800 
10800 10800 10800 10800 10800 10800 10800 10800 10800 10800 10800 10800 0 10800 10800 10800 10800 10800 10800 10800 
10800 10800 10800 10800 10800 10800 10800 10800 10800 10800 10800 10800 10800 0 10800 10800 10800 10800 10800 10800 
10800 10800 10800 10800 10800 10800 10800 10800 10800 10800 10800 10800 10800 10800 0 10800 10800 10800 10800 3600 
10800 10800 10800 10800 10800 3600 10800 10800 10800 10800 10800 10800 10800 10800 10800 0 10800 10800 10800 10800 
10800 10800 10800 10800 10800 10800 10800 10800 10800 10800 10800 10800 10800 10800 10800 10800 0 10800 10800 10800 
10800 10800 10800 10800 10800 10800 10800 10800 10800 10800 10800 10800 10800 10800 10800 10800 10800 0 10800 10800 
10800 10800 10800 10800 10800 10800 10800 10800 10800 10800 10800 10800 10800 10800 10800 10800 10800 10800 0 10800 
10800 10800 10800 10800 10800 10800 10800 10800 10800 10800 10800 10800 10800 10800 3600 10800 10800 10800 10800 0 
0 0 0 0 0 0 0 0 0 0 0 0 0 100 
0 0 0 4400 0 0 1400 2100 800 0 0 0 0 0 
0 0 0 0 1500 2000 0 0 0 0 0 0 0 0 
0 0 0 400 50 0 0 0 0 0 0 0 0 0 
0 0 0 0 2700 3700 3900 2100 2100 2100 4200 5200 2400 0 
0 0 0 0 0 1800 0 1530 1530 0 1530 1530 0 1770 
0 0 0 0 0 0 0 0 0 0 0 0 0 100 
2040 0 1080 0 0 0 540 0 0 0 0 0 60 0 
0 0 0 0 1750 0 0 0 0 0 0 0 0 0 
0 0 0 0 2100 0 1500 1500 6300 4200 2100 300 0 0 
0 0 0 0 0 0 0 600 1650 2100 4200 5250 1950 3050 
0 0 2090 2020 0 0 0 0 0 0 0 0 0 0 
480 0 2080 2080 0 0 0 0 0 0 0 0 0 0 
0 0 0 0 0 0 0 0 0 0 0 0 0 100 
0 0 900 0 0 1560 0 0 0 0 0 0 0 1320 
0 0 0 0 0 1530 1530 0 0 0 0 0 3060 2580 
0 0 1540 1798 0 0 0 0 0 0 0 0 0 0 
5920 4160 0 0 0 0 0 0 0 0 0 0 0 0 
195 0 0 0 0 0 0 0 0 0 0 0 0 0 
0 1380 0 0 1560 0 0 1560 1560 1560 4680 4680 3120 480 
0 1 1 0 0 1 1 1 0 1 
0 1 1 0 0 0 1 1 0 0 
0 0 0 0 0 0 1 0 0 0 
0 0 0 0 0 0 1 0 0 1 
0 0 0 0 0 0 1 0 0 0 
0 1 1 0 0 1 1 1 1 0 
0 0 0 0 0 0 1 0 0 0 
1 0 0 1 0 0 0 0 0 0 
1 0 0 0 0 0 0 0 0 0 
0 1 1 0 0 0 1 1 0 1 
1 0 0 0 1 1 0 0 1 0 
1 0 0 0 0 0 0 0 0 0 
0 1 1 0 1 0 0 1 1 0 
0 1 1 0 0 0 1 1 0 1 
0 1 1 0 0 0 0 1 1 0 
0 1 1 0 0 1 1 1 1 0 
1 0 0 0 0 0 0 0 0 0 
0 1 1 0 1 0 0 1 1 0 
0 0 0 1 0 0 0 0 0 0 
0 1 1 0 0 0 0 1 1 0 
0.006 0.006 0.006 0.006 0.006 0.006 0.006 0.007 0.007 0.007 
0 1 1 0 0 1 1 1 0 1 
0 1 1 0 0 0 1 1 0 0 
0 0 0 0 0 0 1 0 0 0 
0 0 0 0 0 0 1 0 0 0 
0 0 0 0 0 0 1 0 0 0 
0 0 0 0 0 0 1 0 0 0 
0 0 0 0 0 0 1 0 0 0 
0 0 0 0 0 0 1 0 0 1 
0 0 0 0 0 0 1 0 0 0 
0 0 0 0 0 0 1 0 0 0 
0 0 0 0 0 0 1 0 0 0 
0 0 0 0 0 0 1 0 0 0 
0 1 1 0 0 1 1 1 1 0 
0 0 0 0 0 0 1 0 0 0 
0 0 0 0 0 0 1 0 0 0 
1 0 0 1 0 0 0 0 0 0 
1 0 0 0 0 0 0 0 0 0 
0 1 1 0 0 0 1 1 0 1 
1 0 0 0 1 1 0 0 1 0 
1 0 0 0 1 1 0 0 1 0 
1 0 0 0 0 0 0 0 0 0 
0 1 1 0 1 0 0 1 1 0 
0 1 1 0 0 0 1 1 0 1 
0 1 1 0 0 0 0 1 1 0 
1 0 0 0 0 0 0 0 0 0 
1 0 0 0 0 0 0 0 0 0 
0 1 1 0 0 0 0 1 0 0 
0 1 1 0 1 0 0 1 1 0 
0 1 1 0 1 0 0 1 1 0 
0 1 1 0 1 0 0 1 1 0 
0 0 0 1 0 0 0 0 0 0 
0 0 0 1 0 0 0 0 0 0 
1 0 0 0 0 0 0 0 0 0 0 0 0 0 0 0 0 0 0 0 0 0 0 0 0 0 0 0 0 0 0 0 
0 1 0 0 0 0 0 0 0 0 0 0 0 0 0 0 0 0 0 0 0 0 0 0 0 0 0 0 0 0 0 0 
0 0 1 1 1 1 1 0 0 0 0 0 0 0 0 0 0 0 0 0 0 0 0 0 0 0 0 0 0 0 0 0 
0 0 0 0 0 0 0 1 0 0 0 0 0 0 0 0 0 0 0 0 0 0 0 0 0 0 0 0 0 0 0 0 
0 0 0 0 0 0 0 0 1 1 1 1 0 0 0 0 0 0 0 0 0 0 0 0 0 0 0 0 0 0 0 0 
0 0 0 0 0 0 0 0 0 0 0 0 1 0 0 0 0 0 0 0 0 0 0 0 0 0 0 0 0 0 0 0 
0 0 0 0 0 0 0 0 0 0 0 0 0 1 1 0 0 0 0 0 0 0 0 0 0 0 0 0 0 0 0 0 
0 0 0 0 0 0 0 0 0 0 0 0 0 0 0 1 0 0 0 0 0 0 0 0 0 0 0 0 0 0 0 0 
0 0 0 0 0 0 0 0 0 0 0 0 0 0 0 0 1 0 0 0 0 0 0 0 0 0 0 0 0 0 0 0 
0 0 0 0 0 0 0 0 0 0 0 0 0 0 0 0 0 1 0 0 0 0 0 0 0 0 0 0 0 0 0 0 
0 0 0 0 0 0 0 0 0 0 0 0 0 0 0 0 0 0 1 1 0 0 0 0 0 0 0 0 0 0 0 0 
0 0 0 0 0 0 0 0 0 0 0 0 0 0 0 0 0 0 0 0 1 0 0 0 0 0 0 0 0 0 0 0 
0 0 0 0 0 0 0 0 0 0 0 0 0 0 0 0 0 0 0 0 0 1 0 0 0 0 0 0 0 0 0 0 
0 0 0 0 0 0 0 0 0 0 0 0 0 0 0 0 0 0 0 0 0 0 1 0 0 0 0 0 0 0 0 0 
0 0 0 0 0 0 0 0 0 0 0 0 0 0 0 0 0 0 0 0 0 0 0 1 0 0 0 0 0 0 0 0 
0 0 0 0 0 0 0 0 0 0 0 0 1 0 0 0 0 0 0 0 0 0 0 0 0 0 0 0 0 0 0 0 
0 0 0 0 0 0 0 0 0 0 0 0 0 0 0 0 0 0 0 0 0 0 0 0 1 1 0 0 0 0 0 0 
0 0 0 0 0 0 0 0 0 0 0 0 0 0 0 0 0 0 0 0 0 0 0 0 0 0 1 1 1 1 0 0 
0 0 0 0 0 0 0 0 0 0 0 0 0 0 0 0 0 0 0 0 0 0 0 0 0 0 0 0 0 0 1 1 
0 0 0 0 0 0 0 0 0 0 0 0 0 0 0 0 0 0 0 0 0 0 0 1 0 0 0 0 0 0 0 0 
9 6 15 8 13 6 7 16 16 4 