10
40
14
60
86400
0.1
0.012857142857142859 0.009375 0.0027067669172932333 0.0026134301270417425 0.0075630252100840345 0.007407407407407408 0.0125 0.005 0.005970149253731343 0.0075630252100840345 0.009207161125319694 0.003773584905660377 0.005970149253731343 0.0039603960396039604 0.009625668449197862 0.003609022556390978 0.0028492283339928773 0.009625668449197862 0.005 0.005970149253731343 0.005633802816901409 0.009207161125319694 0.009375 0.0058823529411764705 0.011145510835913313 0.009625668449197862 0.011145510835913313 0.003444976076555024 0.007200000000000001 0.005714285714285715 0.008 0.010588235294117647 0.0026134301270417425 0.0044444444444444444 0.005714285714285715 0.006557377049180328 0.009411764705882354 0.005714285714285715 0.00909090909090909 0.011145510835913313 
77.14285714285715 56.25 16.240601503759397 15.680580762250454 45.378151260504204 44.44444444444444 75 30 35.82089552238806 45.378151260504204 55.24296675191816 22.64150943396226 35.82089552238806 23.762376237623762 57.75401069518717 21.654135338345863 17.095370003957264 57.75401069518717 30 35.82089552238806 33.80281690140845 55.24296675191816 56.25 35.29411764705882 66.87306501547988 57.75401069518717 66.87306501547988 20.66985645933014 43.199999999999996 34.285714285714285 48 63.52941176470588 15.680580762250454 26.666666666666664 34.285714285714285 39.34426229508196 56.47058823529412 34.285714285714285 54.54545454545454 66.87306501547988 
128.57142857142858 93.75 27.06766917293233 26.134301270417424 75.63025210084034 74.07407407407408 125 50 59.701492537313435 75.63025210084034 92.07161125319693 37.73584905660377 59.701492537313435 39.603960396039604 96.25668449197862 36.090225563909776 28.492283339928772 96.25668449197862 50 59.701492537313435 56.33802816901409 92.07161125319693 93.75 58.8235294117647 111.45510835913313 96.25668449197862 111.45510835913313 34.44976076555024 72 57.142857142857146 80 105.88235294117646 26.134301270417424 44.44444444444444 57.142857142857146 65.57377049180327 94.11764705882354 57.142857142857146 90.9090909090909 111.45510835913313 
0 10800 10800 10800 10800 10800 10800 10800 10800 10800 10800 10800 10800 10800 10800 10800 10800 10800 10800 10800 10800 10800 10800 10800 10800 10800 10800 10800 10800 86400 10800 10800 10800 10800 10800 10800 10800 10800 10800 10800 
10800 0 10800 10800 10800 10800 10800 10800 10800 10800 10800 10800 10800 10800 10800 10800 10800 10800 10800 10800 10800 10800 10800 10800 10800 10800 10800 10800 10800 86400 10800 10800 10800 10800 10800 10800 10800 10800 10800 10800 
10800 10800 0 10800 10800 10800 10800 10800 10800 10800 10800 10800 10800 10800 10800 10800 10800 10800 10800 10800 10800 10800 10800 10800 10800 10800 10800 10800 10800 86400 10800 10800 10800 10800 10800 10800 10800 10800 10800 10800 
10800 10800 10800 0 10800 10800 10800 10800 10800 10800 10800 10800 10800 10800 10800 10800 10800 10800 10800 10800 10800 10800 10800 10800 10800 10800 10800 10800 10800 86400 10800 10800 18000 10800 10800 10800 10800 10800 10800 10800 
10800 10800 10800 10800 0 10800 10800 10800 10800 10800 10800 10800 10800 10800 10800 10800 10800 10800 10800 10800 10800 10800 10800 10800 10800 10800 10800 10800 10800 86400 10800 10800 10800 10800 10800 10800 10800 10800 10800 10800 
10800 10800 10800 10800 10800 0 10800 10800 10800 10800 10800 10800 10800 10800 10800 10800 10800 10800 10800 10800 10800 10800 10800 10800 10800 10800 10800 10800 10800 86400 10800 10800 10800 10800 10800 10800 10800 10800 10800 10800 
10800 10800 10800 10800 10800 10800 0 10800 10800 10800 10800 10800 10800 10800 10800 10800 10800 10800 10800 10800 10800 10800 10800 10800 10800 10800 10800 10800 10800 86400 10800 10800 10800 10800 10800 10800 10800 10800 10800 10800 
10800 10800 10800 10800 10800 10800 10800 0 10800 10800 10800 10800 10800 10800 10800 10800 10800 10800 10800 10800 10800 10800 10800 10800 10800 10800 10800 10800 10800 86400 10800 10800 10800 10800 10800 10800 10800 10800 10800 10800 
10800 10800 10800 10800 10800 10800 10800 10800 0 10800 10800 10800 10800 10800 10800 10800 10800 10800 10800 10800 10800 10800 10800 10800 10800 10800 10800 10800 10800 86400 10800 10800 10800 10800 10800 10800 10800 10800 10800 10800 
10800 10800 10800 10800 10800 10800 10800 10800 10800 0 10800 10800 10800 10800 10800 10800 10800 10800 10800 10800 10800 10800 10800 10800 10800 10800 10800 10800 10800 86400 10800 10800 10800 10800 10800 10800 10800 10800 10800 10800 
10800 10800 10800 10800 10800 10800 10800 10800 10800 10800 0 10800 10800 10800 10800 10800 10800 10800 10800 10800 10800 10800 10800 10800 10800 10800 10800 10800 10800 86400 10800 10800 10800 10800 10800 10800 10800 10800 10800 10800 
10800 10800 10800 10800 10800 10800 10800 10800 10800 10800 10800 0 10800 10800 10800 10800 10800 10800 10800 10800 10800 10800 10800 10800 10800 10800 10800 10800 10800 86400 10800 10800 10800 10800 10800 10800 10800 10800 10800 10800 
10800 10800 10800 10800 10800 10800 10800 10800 10800 10800 10800 10800 0 10800 10800 10800 10800 10800 10800 18000 10800 10800 10800 10800 10800 10800 10800 10800 10800 86400 10800 10800 10800 10800 10800 10800 10800 10800 10800 10800 
10800 10800 10800 10800 10800 10800 10800 10800 10800 10800 10800 10800 10800 0 10800 10800 10800 10800 10800 10800 10800 10800 10800 10800 10800 10800 10800 10800 10800 86400 10800 10800 10800 10800 10800 10800 10800 10800 10800 10800 
10800 10800 10800 10800 10800 10800 10800 10800 10800 10800 10800 10800 10800 10800 0 10800 10800 10800 10800 10800 10800 10800 10800 10800 10800 10800 10800 10800 10800 86400 10800 10800 10800 10800 10800 10800 10800 10800 10800 10800 
10800 10800 10800 10800 10800 10800 10800 10800 10800 10800 10800 10800 10800 10800 10800 0 10800 10800 10800 10800 10800 10800 10800 10800 10800 10800 10800 10800 10800 86400 10800 10800 10800 10800 10800 10800 10800 10800 10800 10800 
10800 10800 10800 10800 10800 10800 10800 10800 10800 10800 10800 10800 10800 10800 10800 10800 0 10800 10800 10800 10800 10800 10800 10800 10800 10800 10800 10800 10800 86400 10800 10800 10800 10800 10800 10800 10800 10800 10800 10800 
10800 10800 10800 10800 10800 10800 10800 10800 10800 10800 10800 10800 10800 10800 10800 10800 10800 0 10800 10800 10800 10800 10800 10800 10800 10800 10800 10800 10800 86400 10800 10800 10800 10800 10800 10800 10800 10800 10800 10800 
10800 10800 10800 10800 10800 10800 10800 10800 10800 10800 10800 10800 10800 10800 10800 10800 10800 10800 0 10800 10800 10800 10800 10800 10800 10800 10800 10800 10800 86400 10800 10800 10800 10800 10800 10800 10800 10800 10800 10800 
10800 10800 10800 10800 10800 10800 10800 10800 10800 10800 10800 10800 18000 10800 10800 10800 10800 10800 10800 0 10800 10800 10800 10800 10800 10800 10800 10800 10800 86400 10800 10800 10800 10800 10800 10800 10800 10800 10800 10800 
10800 10800 10800 10800 10800 10800 10800 10800 10800 10800 10800 10800 10800 10800 10800 10800 10800 10800 10800 10800 0 10800 10800 10800 10800 10800 10800 10800 10800 86400 10800 10800 10800 10800 10800 10800 10800 10800 10800 10800 
10800 10800 10800 10800 10800 10800 10800 10800 10800 10800 10800 10800 10800 10800 10800 10800 10800 10800 10800 10800 10800 0 10800 10800 10800 10800 10800 10800 10800 86400 10800 10800 10800 10800 10800 10800 10800 10800 10800 10800 
10800 10800 10800 10800 10800 10800 10800 10800 10800 10800 10800 10800 10800 10800 10800 10800 10800 10800 10800 10800 10800 10800 0 10800 10800 10800 10800 10800 10800 86400 10800 10800 10800 10800 10800 10800 10800 10800 10800 10800 
10800 10800 10800 10800 10800 10800 10800 10800 10800 10800 10800 10800 10800 10800 10800 10800 10800 10800 10800 10800 10800 10800 10800 0 10800 10800 10800 10800 10800 86400 10800 10800 10800 10800 10800 10800 10800 10800 10800 10800 
10800 10800 10800 10800 10800 10800 10800 10800 10800 10800 10800 10800 10800 10800 10800 10800 10800 10800 10800 10800 10800 10800 10800 10800 0 10800 10800 10800 10800 10800 10800 10800 10800 10800 10800 10800 10800 10800 10800 10800 
10800 10800 10800 10800 10800 10800 10800 10800 10800 10800 10800 10800 10800 10800 10800 10800 10800 10800 10800 10800 10800 10800 10800 10800 10800 0 10800 10800 10800 86400 10800 10800 10800 10800 10800 10800 10800 10800 10800 10800 
10800 10800 10800 10800 10800 10800 10800 10800 10800 10800 10800 10800 10800 10800 10800 10800 10800 10800 10800 10800 10800 10800 10800 10800 10800 10800 0 10800 10800 86400 10800 10800 10800 10800 10800 10800 10800 10800 10800 10800 
10800 10800 10800 10800 10800 10800 10800 10800 10800 10800 10800 10800 10800 10800 10800 10800 10800 10800 10800 10800 10800 10800 10800 10800 10800 10800 10800 0 10800 86400 10800 10800 10800 10800 10800 10800 10800 10800 10800 10800 
10800 10800 10800 10800 10800 10800 10800 10800 10800 10800 10800 10800 10800 10800 10800 10800 10800 10800 10800 10800 10800 10800 10800 10800 10800 10800 10800 10800 0 86400 10800 10800 10800 10800 10800 10800 10800 10800 10800 10800 
10800 10800 10800 10800 10800 10800 10800 10800 10800 10800 10800 10800 10800 10800 10800 10800 10800 10800 10800 10800 10800 10800 10800 10800 10800 10800 10800 10800 10800 0 10800 10800 10800 10800 10800 10800 10800 10800 10800 10800 
10800 10800 10800 10800 10800 10800 10800 10800 10800 10800 10800 10800 10800 10800 10800 10800 10800 10800 10800 10800 10800 10800 10800 10800 10800 10800 10800 10800 10800 86400 0 10800 10800 10800 10800 10800 10800 10800 10800 10800 
10800 10800 10800 10800 10800 10800 10800 10800 10800 10800 10800 10800 10800 10800 10800 10800 10800 10800 10800 10800 10800 10800 10800 10800 10800 10800 10800 10800 10800 86400 10800 0 10800 10800 10800 10800 10800 10800 10800 10800 
10800 10800 10800 18000 10800 10800 10800 10800 10800 10800 10800 10800 10800 10800 10800 10800 10800 10800 10800 10800 10800 10800 10800 10800 10800 10800 10800 10800 10800 86400 10800 10800 0 10800 10800 10800 10800 10800 10800 10800 
10800 10800 10800 10800 10800 10800 10800 10800 10800 10800 10800 10800 10800 10800 10800 10800 10800 10800 10800 10800 10800 10800 10800 10800 10800 10800 10800 10800 10800 86400 10800 10800 10800 0 10800 10800 10800 10800 10800 10800 
10800 10800 10800 10800 10800 10800 10800 10800 10800 10800 10800 10800 10800 10800 10800 10800 10800 10800 10800 10800 10800 10800 10800 10800 10800 10800 10800 10800 10800 86400 10800 10800 10800 10800 0 10800 10800 10800 10800 10800 
10800 10800 10800 10800 10800 10800 10800 10800 10800 10800 10800 10800 10800 10800 10800 10800 10800 10800 10800 10800 10800 10800 10800 10800 10800 10800 10800 10800 10800 86400 10800 10800 10800 10800 10800 0 10800 10800 10800 10800 
10800 10800 10800 10800 10800 10800 10800 10800 10800 10800 10800 10800 10800 10800 10800 10800 10800 10800 10800 10800 10800 10800 10800 10800 10800 10800 10800 10800 10800 86400 10800 10800 10800 10800 10800 10800 0 10800 10800 10800 
10800 10800 10800 10800 10800 10800 10800 10800 10800 10800 10800 10800 10800 10800 10800 10800 10800 10800 10800 10800 10800 10800 10800 10800 10800 10800 10800 10800 10800 86400 10800 10800 10800 10800 10800 10800 10800 0 10800 10800 
10800 10800 10800 10800 10800 10800 10800 10800 10800 10800 10800 10800 10800 10800 10800 10800 10800 10800 10800 10800 10800 10800 10800 10800 10800 10800 10800 10800 10800 86400 10800 10800 10800 10800 10800 10800 10800 10800 0 10800 
10800 10800 10800 10800 10800 10800 10800 10800 10800 10800 10800 10800 10800 10800 10800 10800 10800 10800 10800 10800 10800 10800 10800 10800 10800 10800 10800 10800 10800 86400 10800 10800 10800 10800 10800 10800 10800 10800 10800 0 
77 0 0 0 0 0 0 0 0 0 0 0 0 0 
20 0 0 0 0 0 0 0 0 0 0 0 0 0 
0 0 0 0 0 2100 0 2900 0 0 0 0 0 0 
0 0 0 0 320 100 0 0 0 0 0 0 0 0 
0 0 0 0 1300 0 0 500 0 0 0 0 0 0 
195 0 0 0 0 0 0 0 0 0 0 0 0 0 
100 0 0 0 0 0 0 0 0 0 0 0 0 20 
0 0 0 2300 0 0 500 0 0 3200 0 0 0 0 
0 795 0 0 0 0 0 0 0 0 0 0 0 0 
0 0 0 1920 0 0 0 0 0 0 0 0 0 0 
0 0 0 240 0 0 0 0 0 0 0 0 0 0 
0 1140 0 1440 480 1594 0 0 0 0 0 0 0 0 
0 0 0 0 0 0 0 0 0 0 0 0 1200 29 
0 0 300 0 0 0 0 0 0 0 0 0 0 0 
360 0 0 0 0 31 0 0 0 0 0 0 0 0 
0 2020 2080 2080 0 3120 2080 0 2080 2080 2080 2400 0 0 
0 0 0 0 0 200 200 0 0 0 0 0 0 0 
2035 0 0 0 0 0 0 0 0 0 0 0 0 0 
0 0 0 0 0 0 0 0 2100 0 4200 1600 0 0 
0 0 0 0 1530 0 1530 0 0 0 1530 4080 30 0 
0 0 0 1540 0 0 0 1540 2680 60 0 0 0 20 
400 0 0 1800 0 0 0 0 0 0 0 0 0 80 
0 208 0 0 0 0 0 0 0 0 0 0 0 5 
0 0 0 0 0 1500 3600 6300 4200 300 0 0 0 0 
0 1034 0 0 0 440 0 0 0 0 0 0 0 0 
385 0 0 0 0 0 0 0 0 0 0 0 0 0 
0 0 0 0 2068 1034 1034 1034 484 0 0 0 0 22 
0 0 0 0 2100 5000 0 4200 4200 5200 4500 100 0 0 
0 0 0 0 0 0 0 0 0 0 0 0 0 100 
80 0 0 0 0 0 0 0 0 0 0 0 0 0 
700 0 0 0 800 0 0 0 0 0 100 0 0 0 
0 0 0 0 0 0 0 0 0 0 0 0 0 100 
0 0 4320 5760 0 0 0 0 0 0 0 0 0 0 
0 0 0 2700 0 0 0 0 100 0 0 0 0 0 
0 0 2100 4200 0 1700 0 0 0 0 0 0 0 0 
0 1540 1798 0 0 0 0 0 0 0 0 0 0 0 
0 0 0 0 0 0 0 0 0 0 0 0 0 100 
0 0 1600 1800 3000 0 0 0 0 1000 0 0 2800 0 
0 0 0 0 0 1540 1540 0 1540 1540 360 0 0 20 
0 0 0 0 0 0 0 0 0 0 0 0 0 100 
0 0 0 0 1 0 0 0 0 0 
0 0 0 0 0 1 0 0 0 0 
0 0 0 1 0 0 0 1 0 1 
0 0 0 1 0 0 0 1 0 1 
0 0 1 0 0 0 0 0 0 0 
0 0 0 0 1 1 0 0 0 0 
0 0 0 0 1 0 0 0 0 0 
1 0 1 0 0 0 1 0 0 0 
1 0 1 0 0 0 1 0 1 0 
0 0 1 0 0 0 0 0 1 0 
0 0 0 0 0 0 0 0 1 0 
0 1 0 0 0 1 0 0 0 0 
1 0 1 1 0 0 1 0 1 0 
1 0 1 0 0 0 1 0 0 0 
0 0 0 0 0 1 0 0 0 0 
0 0 0 0 0 1 0 0 0 0 
0 0 0 1 0 1 0 0 0 0 
0 0 0 0 0 1 0 0 0 0 
0 0 0 0 0 0 1 0 0 0 
1 0 1 1 0 0 1 0 1 0 
0 1 0 0 0 1 0 0 0 0 
0 0 0 0 0 1 0 0 0 0 
0 0 0 0 1 0 0 0 0 0 
1 0 1 0 0 0 1 0 0 0 
0 0 0 0 1 1 0 0 0 0 
0 0 0 0 0 1 0 0 0 0 
0 0 0 0 0 1 0 0 0 0 
0 0 0 0 0 0 0 1 0 1 
0 0 1 0 0 0 0 0 0 0 
1 0 1 0 0 0 1 0 0 0 
1 0 1 0 0 0 0 0 1 0 
0 0 1 0 0 0 0 0 0 0 
0 0 0 1 0 0 0 1 0 1 
1 0 1 0 0 0 1 0 0 0 
1 0 1 0 0 0 1 0 0 0 
0 1 0 0 0 1 0 0 0 0 
0 0 1 0 0 0 0 0 0 0 
1 0 1 0 0 0 0 0 0 0 
0 0 0 0 1 0 0 0 0 0 
0 0 0 0 1 0 0 0 0 0 
0.006 0.006 0.006 0.006 0.006 0.006 0.006 0.007 0.007 0.007 
0 0 0 0 1 0 0 0 0 0 
0 0 0 0 0 1 0 0 0 0 
0 0 0 1 0 0 0 1 0 1 
0 0 0 1 0 0 0 1 0 1 
0 0 0 1 0 0 0 1 0 1 
0 0 0 1 0 0 0 1 0 1 
0 0 0 1 0 0 0 1 0 1 
0 0 0 1 0 0 0 1 0 1 
0 0 0 1 0 0 0 1 0 1 
0 0 0 1 0 0 0 1 0 1 
0 0 0 1 0 0 0 1 0 1 
0 0 0 0 0 0 0 1 0 1 
0 0 1 0 0 0 0 0 0 0 
0 0 1 0 0 0 0 0 0 0 
0 0 0 0 1 1 0 0 0 0 
0 0 0 0 1 1 0 0 0 0 
0 0 0 0 1 0 0 0 0 0 
1 0 1 0 0 0 1 0 0 0 
1 0 1 0 0 0 1 0 1 0 
1 0 1 0 0 0 1 0 1 0 
0 0 1 0 0 0 0 0 1 0 
0 0 0 0 0 0 0 0 1 0 
0 1 0 0 0 1 0 0 0 0 
1 0 1 1 0 0 1 0 1 0 
1 0 1 0 0 0 1 0 0 0 
0 0 0 0 0 1 0 0 0 0 
0 0 0 0 0 1 0 0 0 0 
0 0 0 0 0 1 0 0 0 0 
0 0 0 0 0 1 0 0 0 0 
0 0 0 1 0 1 0 0 0 0 
0 0 0 0 0 1 0 0 0 0 
0 0 0 0 0 0 1 0 0 0 
0 1 0 0 0 1 0 0 0 0 
0 1 0 0 0 1 0 0 0 0 
0 0 0 0 0 1 0 0 0 0 
0 0 0 0 1 0 0 0 0 0 
0 0 0 0 1 0 0 0 0 0 
1 0 1 0 0 0 1 0 0 0 
0 0 0 0 0 1 0 0 0 0 
0 0 0 0 1 1 0 0 0 0 
0 0 0 0 0 1 0 0 0 0 
0 0 0 0 0 1 0 0 0 0 
0 0 0 0 0 1 0 0 0 0 
0 0 0 0 0 0 0 1 0 1 
0 0 0 0 0 0 0 1 0 1 
0 0 0 0 0 0 0 1 0 1 
0 0 0 0 0 0 0 1 0 1 
0 0 1 0 0 0 0 0 0 0 
1 0 1 0 0 0 1 0 0 0 
1 0 1 0 0 0 0 0 1 0 
0 0 1 0 0 0 0 0 0 0 
1 0 1 0 0 0 1 0 0 0 
1 0 1 0 0 0 1 0 0 0 
1 0 1 0 0 0 1 0 0 0 
0 1 0 0 0 1 0 0 0 0 
0 1 0 0 0 1 0 0 0 0 
0 0 1 0 0 0 0 0 0 0 
1 0 1 0 0 0 0 0 0 0 
0 0 0 0 1 0 0 0 0 0 
0 0 0 0 1 0 0 0 0 0 
1 0 0 0 0 0 0 0 0 0 0 0 0 0 0 0 0 0 0 0 0 0 0 0 0 0 0 0 0 0 0 0 0 0 0 0 0 0 0 0 0 0 0 0 0 0 0 0 0 0 0 0 0 0 0 0 0 0 0 0 
0 1 0 0 0 0 0 0 0 0 0 0 0 0 0 0 0 0 0 0 0 0 0 0 0 0 0 0 0 0 0 0 0 0 0 0 0 0 0 0 0 0 0 0 0 0 0 0 0 0 0 0 0 0 0 0 0 0 0 0 
0 0 1 1 1 1 1 0 0 0 0 0 0 0 0 0 0 0 0 0 0 0 0 0 0 0 0 0 0 0 0 0 0 0 0 0 0 0 0 0 0 0 0 0 0 0 0 0 0 0 0 0 0 0 0 0 0 0 0 0 
0 0 0 0 0 0 0 1 1 1 1 1 0 0 0 0 0 0 0 0 0 0 0 0 0 0 0 0 0 0 0 0 0 0 0 0 0 0 0 0 0 0 0 0 0 0 0 0 0 0 0 0 0 0 0 0 0 0 0 0 
0 0 0 0 0 0 0 0 0 0 0 0 1 1 0 0 0 0 0 0 0 0 0 0 0 0 0 0 0 0 0 0 0 0 0 0 0 0 0 0 0 0 0 0 0 0 0 0 0 0 0 0 0 0 0 0 0 0 0 0 
0 0 0 0 0 0 0 0 0 0 0 0 0 0 1 1 0 0 0 0 0 0 0 0 0 0 0 0 0 0 0 0 0 0 0 0 0 0 0 0 0 0 0 0 0 0 0 0 0 0 0 0 0 0 0 0 0 0 0 0 
0 0 0 0 0 0 0 0 0 0 0 0 0 0 0 0 1 0 0 0 0 0 0 0 0 0 0 0 0 0 0 0 0 0 0 0 0 0 0 0 0 0 0 0 0 0 0 0 0 0 0 0 0 0 0 0 0 0 0 0 
0 0 0 0 0 0 0 0 0 0 0 0 0 0 0 0 0 1 0 0 0 0 0 0 0 0 0 0 0 0 0 0 0 0 0 0 0 0 0 0 0 0 0 0 0 0 0 0 0 0 0 0 0 0 0 0 0 0 0 0 
0 0 0 0 0 0 0 0 0 0 0 0 0 0 0 0 0 0 1 1 0 0 0 0 0 0 0 0 0 0 0 0 0 0 0 0 0 0 0 0 0 0 0 0 0 0 0 0 0 0 0 0 0 0 0 0 0 0 0 0 
0 0 0 0 0 0 0 0 0 0 0 0 0 0 0 0 0 0 0 0 1 0 0 0 0 0 0 0 0 0 0 0 0 0 0 0 0 0 0 0 0 0 0 0 0 0 0 0 0 0 0 0 0 0 0 0 0 0 0 0 
0 0 0 0 0 0 0 0 0 0 0 0 0 0 0 0 0 0 0 0 0 1 0 0 0 0 0 0 0 0 0 0 0 0 0 0 0 0 0 0 0 0 0 0 0 0 0 0 0 0 0 0 0 0 0 0 0 0 0 0 
0 0 0 0 0 0 0 0 0 0 0 0 0 0 0 0 0 0 0 0 0 0 1 0 0 0 0 0 0 0 0 0 0 0 0 0 0 0 0 0 0 0 0 0 0 0 0 0 0 0 0 0 0 0 0 0 0 0 0 0 
0 0 0 0 0 0 0 0 0 0 0 0 0 0 0 0 0 0 0 0 0 0 0 1 0 0 0 0 0 0 0 0 0 0 0 0 0 0 0 0 0 0 0 0 0 0 0 0 0 0 0 0 0 0 0 0 0 0 0 0 
0 0 0 0 0 0 0 0 0 0 0 0 0 0 0 0 0 0 0 0 0 0 0 0 1 0 0 0 0 0 0 0 0 0 0 0 0 0 0 0 0 0 0 0 0 0 0 0 0 0 0 0 0 0 0 0 0 0 0 0 
0 0 0 0 0 0 0 0 0 0 0 0 0 0 0 0 0 0 0 0 0 0 0 0 0 1 0 0 0 0 0 0 0 0 0 0 0 0 0 0 0 0 0 0 0 0 0 0 0 0 0 0 0 0 0 0 0 0 0 0 
0 0 0 0 0 0 0 0 0 0 0 0 0 0 0 0 0 0 0 0 0 0 0 0 0 0 1 1 1 0 0 0 0 0 0 0 0 0 0 0 0 0 0 0 0 0 0 0 0 0 0 0 0 0 0 0 0 0 0 0 
0 0 0 0 0 0 0 0 0 0 0 0 0 0 0 0 0 0 0 0 0 0 0 0 0 0 0 0 0 1 0 0 0 0 0 0 0 0 0 0 0 0 0 0 0 0 0 0 0 0 0 0 0 0 0 0 0 0 0 0 
0 0 0 0 0 0 0 0 0 0 0 0 0 0 0 0 0 0 0 0 0 0 0 0 0 0 0 0 0 0 1 0 0 0 0 0 0 0 0 0 0 0 0 0 0 0 0 0 0 0 0 0 0 0 0 0 0 0 0 0 
0 0 0 0 0 0 0 0 0 0 0 0 0 0 0 0 0 0 0 0 0 0 0 0 0 0 0 0 0 0 0 1 0 0 0 0 0 0 0 0 0 0 0 0 0 0 0 0 0 0 0 0 0 0 0 0 0 0 0 0 
0 0 0 0 0 0 0 0 0 0 0 0 0 0 0 0 0 0 0 0 0 0 0 1 0 0 0 0 0 0 0 0 0 0 0 0 0 0 0 0 0 0 0 0 0 0 0 0 0 0 0 0 0 0 0 0 0 0 0 0 
0 0 0 0 0 0 0 0 0 0 0 0 0 0 0 0 0 0 0 0 0 0 0 0 0 0 0 0 0 0 0 0 1 1 0 0 0 0 0 0 0 0 0 0 0 0 0 0 0 0 0 0 0 0 0 0 0 0 0 0 
0 0 0 0 0 0 0 0 0 0 0 0 0 0 0 0 0 0 0 0 0 0 0 0 0 0 0 0 0 0 0 0 0 0 1 0 0 0 0 0 0 0 0 0 0 0 0 0 0 0 0 0 0 0 0 0 0 0 0 0 
0 0 0 0 0 0 0 0 0 0 0 0 0 0 0 0 0 0 0 0 0 0 0 0 0 0 0 0 0 0 0 0 0 0 0 1 1 0 0 0 0 0 0 0 0 0 0 0 0 0 0 0 0 0 0 0 0 0 0 0 
0 0 0 0 0 0 0 0 0 0 0 0 0 0 0 0 0 0 0 0 0 0 0 0 0 0 0 0 0 0 0 0 0 0 0 0 0 1 0 0 0 0 0 0 0 0 0 0 0 0 0 0 0 0 0 0 0 0 0 0 
0 0 0 0 0 0 0 0 0 0 0 0 0 0 0 0 0 0 0 0 0 0 0 0 0 0 0 0 0 0 0 0 0 0 0 0 0 0 1 1 0 0 0 0 0 0 0 0 0 0 0 0 0 0 0 0 0 0 0 0 
0 0 0 0 0 0 0 0 0 0 0 0 0 0 0 0 0 0 0 0 0 0 0 0 0 0 0 0 0 0 0 0 0 0 0 0 0 0 0 0 1 0 0 0 0 0 0 0 0 0 0 0 0 0 0 0 0 0 0 0 
0 0 0 0 0 0 0 0 0 0 0 0 0 0 0 0 0 0 0 0 0 0 0 0 0 0 0 0 0 0 0 0 0 0 0 0 0 0 0 0 0 1 1 0 0 0 0 0 0 0 0 0 0 0 0 0 0 0 0 0 
0 0 0 0 0 0 0 0 0 0 0 0 0 0 0 0 0 0 0 0 0 0 0 0 0 0 0 0 0 0 0 0 0 0 0 0 0 0 0 0 0 0 0 1 1 1 1 0 0 0 0 0 0 0 0 0 0 0 0 0 
0 0 0 0 0 0 0 0 0 0 0 0 0 0 0 0 0 0 0 0 0 0 0 0 0 0 0 0 0 0 0 0 0 0 0 0 0 0 0 0 0 0 0 0 0 0 0 1 0 0 0 0 0 0 0 0 0 0 0 0 
0 0 0 0 0 0 0 0 0 0 0 0 0 0 0 0 0 0 0 0 0 0 0 0 0 0 0 0 0 0 0 0 0 0 0 0 0 0 0 0 0 0 0 0 0 0 0 0 1 0 0 0 0 0 0 0 0 0 0 0 
0 0 0 0 0 0 0 0 0 0 0 0 0 0 0 0 0 0 0 0 0 0 0 0 0 0 0 0 0 0 0 0 0 0 0 0 0 0 0 0 0 0 0 0 0 0 0 0 0 1 0 0 0 0 0 0 0 0 0 0 
0 0 0 0 0 0 0 0 0 0 0 0 0 0 0 0 0 0 0 0 0 0 0 0 0 0 0 0 0 0 0 0 0 0 0 0 0 0 0 0 0 0 0 0 0 0 0 0 0 0 1 0 0 0 0 0 0 0 0 0 
0 0 0 0 0 0 0 1 1 1 1 1 0 0 0 0 0 0 0 0 0 0 0 0 0 0 0 0 0 0 0 0 0 0 0 0 0 0 0 0 0 0 0 0 0 0 0 0 0 0 0 0 0 0 0 0 0 0 0 0 
0 0 0 0 0 0 0 0 0 0 0 0 0 0 0 0 0 0 0 0 0 0 0 0 0 0 0 0 0 0 0 0 0 0 0 0 0 0 0 0 0 0 0 0 0 0 0 0 0 0 0 1 0 0 0 0 0 0 0 0 
0 0 0 0 0 0 0 0 0 0 0 0 0 0 0 0 0 0 0 0 0 0 0 0 0 0 0 0 0 0 0 0 0 0 0 0 0 0 0 0 0 0 0 0 0 0 0 0 0 0 0 0 1 1 0 0 0 0 0 0 
0 0 0 0 0 0 0 0 0 0 0 0 0 0 0 0 0 0 0 0 0 0 0 0 0 0 0 0 0 0 0 0 0 0 0 0 0 0 0 0 0 0 0 0 0 0 0 0 0 0 0 0 0 0 1 1 0 0 0 0 
0 0 0 0 0 0 0 0 0 0 0 0 0 0 0 0 0 0 0 0 0 0 0 0 0 0 0 0 0 0 0 0 0 0 0 0 0 0 0 0 0 0 0 0 0 0 0 0 0 0 0 0 0 0 0 0 1 0 0 0 
0 0 0 0 0 0 0 0 0 0 0 0 0 0 0 0 0 0 0 0 0 0 0 0 0 0 0 0 0 0 0 0 0 0 0 0 0 0 0 0 0 0 0 0 0 0 0 0 0 0 0 0 0 0 0 0 0 1 0 0 
0 0 0 0 0 0 0 0 0 0 0 0 0 0 0 0 0 0 0 0 0 0 0 0 0 0 0 0 0 0 0 0 0 0 0 0 0 0 0 0 0 0 0 0 0 0 0 0 0 0 0 0 0 0 0 0 0 0 1 0 
0 0 0 0 0 0 0 0 0 0 0 0 0 0 0 0 0 0 0 0 0 0 0 0 0 0 0 0 0 0 0 0 0 0 0 0 0 0 0 0 0 0 0 0 0 0 0 0 0 0 0 0 0 0 0 0 0 0 0 1 
14 21 30 20 7 26 9 28 9 4 