10
20
14
38
86400
0.1
0.0027067669172932333 0.01 0.0026134301270417425 0.003413940256045519 0.011145510835913313 0.005333333333333334 0.005714285714285715 0.009625668449197862 0.008470588235294119 0.0075630252100840345 0.005714285714285715 0.0025 0.01142857142857143 0.005633802816901409 0.00625 0.003773584905660377 0.005 0.0058823529411764705 0.009230769230769232 0.007200000000000001 
16.240601503759397 60 15.680580762250454 20.48364153627311 66.87306501547988 32 34.285714285714285 57.75401069518717 50.8235294117647 45.378151260504204 34.285714285714285 15 68.57142857142857 33.80281690140845 37.5 22.64150943396226 30 35.29411764705882 55.38461538461538 43.199999999999996 
27.06766917293233 100 26.134301270417424 34.13940256045519 111.45510835913313 53.333333333333336 57.142857142857146 96.25668449197862 84.70588235294117 75.63025210084034 57.142857142857146 25 114.28571428571429 56.33802816901409 62.5 37.73584905660377 50 58.8235294117647 92.3076923076923 72 
0 10800 10800 10800 10800 10800 86400 10800 10800 10800 10800 10800 10800 10800 10800 10800 10800 10800 10800 10800 
10800 0 10800 10800 10800 10800 86400 10800 10800 10800 10800 10800 10800 10800 10800 10800 10800 10800 10800 10800 
10800 10800 0 10800 10800 10800 86400 10800 10800 10800 10800 10800 10800 10800 10800 10800 10800 10800 10800 10800 
10800 10800 10800 0 10800 10800 86400 10800 10800 10800 10800 10800 10800 10800 10800 10800 10800 10800 10800 10800 
10800 10800 10800 10800 0 10800 86400 10800 10800 10800 10800 10800 10800 10800 10800 10800 10800 10800 10800 10800 
10800 10800 10800 10800 10800 0 86400 10800 10800 10800 10800 10800 10800 10800 10800 10800 10800 10800 10800 10800 
10800 10800 10800 10800 10800 10800 0 10800 10800 10800 3600 10800 10800 10800 10800 10800 10800 10800 10800 10800 
10800 10800 10800 10800 10800 10800 86400 0 10800 10800 10800 10800 10800 10800 10800 10800 10800 10800 10800 10800 
10800 10800 10800 10800 10800 10800 86400 10800 0 10800 10800 10800 10800 10800 10800 10800 10800 10800 10800 10800 
10800 10800 10800 10800 10800 10800 86400 10800 10800 0 10800 10800 10800 10800 10800 10800 10800 10800 10800 10800 
10800 10800 10800 10800 10800 10800 86400 10800 10800 10800 0 10800 10800 10800 10800 10800 10800 10800 10800 10800 
10800 10800 10800 10800 10800 10800 86400 10800 10800 10800 10800 0 10800 10800 10800 10800 10800 10800 10800 10800 
10800 10800 10800 10800 10800 10800 86400 10800 10800 10800 10800 10800 0 10800 10800 10800 10800 10800 10800 10800 
10800 10800 10800 10800 10800 10800 86400 10800 10800 10800 10800 10800 10800 0 10800 10800 10800 10800 10800 10800 
10800 10800 10800 10800 10800 10800 86400 10800 10800 10800 10800 10800 10800 10800 0 10800 10800 10800 10800 10800 
10800 10800 10800 10800 10800 10800 86400 10800 10800 10800 10800 10800 10800 10800 10800 0 10800 10800 10800 10800 
10800 10800 10800 10800 10800 10800 86400 10800 10800 10800 10800 10800 10800 10800 10800 10800 0 10800 10800 10800 
10800 10800 10800 10800 10800 10800 86400 10800 10800 10800 10800 10800 10800 10800 10800 10800 10800 0 10800 10800 
10800 10800 10800 10800 10800 10800 86400 10800 10800 10800 10800 10800 10800 10800 10800 10800 10800 10800 0 10800 
10800 10800 10800 10800 10800 10800 86400 10800 10800 10800 10800 10800 10800 10800 10800 10800 10800 10800 10800 0 
0 0 0 2100 2100 4200 0 4200 1900 2200 4200 0 3200 1300 
0 2800 0 0 100 0 0 0 0 0 0 0 0 0 
0 0 0 0 0 0 0 0 2080 2080 2080 2080 0 0 
0 0 3200 0 960 0 0 0 0 0 0 0 0 0 
0 0 0 0 2068 1034 1034 1034 484 0 0 0 0 22 
0 0 200 0 0 0 0 0 0 0 0 0 0 0 
0 0 0 0 0 300 0 0 0 0 0 0 0 0 
0 0 0 0 0 0 0 0 0 0 2680 2000 0 0 
500 0 0 1900 0 0 0 0 0 0 0 0 0 0 
8880 0 0 0 0 0 0 0 0 0 0 0 0 0 
0 0 4200 4200 0 0 0 0 0 0 0 0 0 0 
0 2070 6440 6440 4830 8050 4830 3220 9660 5060 1840 0 0 0 
0 0 400 50 0 0 0 0 0 0 0 0 0 0 
0 0 0 0 1400 0 1540 0 0 0 1540 1540 360 120 
0 2580 1530 0 0 0 0 0 0 3060 0 0 0 0 
0 1020 0 0 1560 1560 0 1560 60 0 0 0 0 0 
0 0 0 3000 4500 2400 4200 6300 3000 2100 0 0 0 300 
0 0 0 0 0 0 3900 4200 6300 300 0 0 0 0 
480 0 0 0 0 0 0 0 720 80 0 0 0 0 
0 0 0 0 0 0 0 0 0 0 0 0 0 100 
0 0 0 0 0 0 0 0 1 0 
1 0 0 0 0 0 1 1 0 0 
1 0 0 0 0 0 1 0 1 0 
0 0 0 0 0 1 0 0 0 1 
0 0 1 0 0 1 0 0 0 0 
1 0 0 0 0 0 1 1 0 0 
1 0 0 0 0 0 1 1 0 0 
0 0 1 0 0 1 0 0 0 0 
1 0 0 0 0 0 1 0 0 0 
0 0 0 0 0 0 0 1 0 0 
1 0 0 0 0 0 1 1 0 0 
0 0 0 0 0 0 0 0 1 0 
1 0 0 0 0 0 1 0 0 0 
0 0 1 1 0 1 0 0 0 1 
0 1 1 1 1 1 0 0 0 1 
0 0 1 0 0 1 0 0 1 1 
0 0 0 0 0 0 0 1 0 0 
1 0 0 0 0 0 1 1 0 0 
0 0 0 0 0 0 0 1 0 0 
1 0 0 0 0 0 1 1 0 0 
0.006 0.006 0.006 0.006 0.006 0.006 0.006 0.007 0.007 0.007 
0 0 0 0 0 0 0 0 1 0 
0 0 0 0 0 0 0 0 1 0 
1 0 0 0 0 0 1 1 0 0 
1 0 0 0 0 0 1 0 1 0 
1 0 0 0 0 0 1 0 1 0 
1 0 0 0 0 0 1 0 1 0 
1 0 0 0 0 0 1 0 1 0 
1 0 0 0 0 0 1 0 0 0 
0 0 0 0 0 1 0 0 0 1 
0 0 0 0 0 1 0 0 0 1 
0 0 1 0 0 1 0 0 0 0 
0 0 1 0 0 1 0 0 0 0 
1 0 0 0 0 0 1 1 0 0 
1 0 0 0 0 0 1 1 0 0 
1 0 0 0 0 0 1 1 0 0 
1 0 0 0 0 0 1 1 0 0 
0 0 1 0 0 1 0 0 0 0 
1 0 0 0 0 0 1 0 0 0 
1 0 0 0 0 0 1 0 0 0 
0 0 0 0 0 0 0 1 0 0 
0 0 0 0 0 0 0 1 0 0 
0 0 0 0 0 0 0 1 0 0 
0 0 0 0 0 0 0 1 0 0 
0 0 0 0 0 0 0 0 1 0 
1 0 0 0 0 0 1 0 0 0 
0 0 1 1 0 1 0 0 0 1 
0 0 1 1 0 1 0 0 0 1 
0 1 1 1 1 1 0 0 0 1 
0 1 1 1 1 1 0 0 0 1 
0 1 1 1 1 1 0 0 0 1 
0 1 1 1 1 1 0 0 0 1 
0 0 1 0 0 1 0 0 1 1 
0 0 0 0 0 0 0 1 0 0 
1 0 0 0 0 0 1 1 0 0 
0 0 0 0 0 0 0 1 0 0 
0 0 0 0 0 0 0 1 0 0 
0 0 0 0 0 0 0 1 0 0 
1 0 0 0 0 0 1 1 0 0 
1 1 0 0 0 0 0 0 0 0 0 0 0 0 0 0 0 0 0 0 0 0 0 0 0 0 0 0 0 0 0 0 0 0 0 0 0 0 
0 0 1 0 0 0 0 0 0 0 0 0 0 0 0 0 0 0 0 0 0 0 0 0 0 0 0 0 0 0 0 0 0 0 0 0 0 0 
0 0 0 1 1 1 1 1 0 0 0 0 0 0 0 0 0 0 0 0 0 0 0 0 0 0 0 0 0 0 0 0 0 0 0 0 0 0 
0 0 0 0 0 0 0 0 1 1 0 0 0 0 0 0 0 0 0 0 0 0 0 0 0 0 0 0 0 0 0 0 0 0 0 0 0 0 
0 0 0 0 0 0 0 0 0 0 1 1 0 0 0 0 0 0 0 0 0 0 0 0 0 0 0 0 0 0 0 0 0 0 0 0 0 0 
0 0 0 0 0 0 0 0 0 0 0 0 1 0 0 0 0 0 0 0 0 0 0 0 0 0 0 0 0 0 0 0 0 0 0 0 0 0 
0 0 0 0 0 0 0 0 0 0 0 0 0 1 1 1 0 0 0 0 0 0 0 0 0 0 0 0 0 0 0 0 0 0 0 0 0 0 
0 0 0 0 0 0 0 0 0 0 0 0 0 0 0 0 1 0 0 0 0 0 0 0 0 0 0 0 0 0 0 0 0 0 0 0 0 0 
0 0 0 0 0 0 0 0 0 0 0 0 0 0 0 0 0 1 1 0 0 0 0 0 0 0 0 0 0 0 0 0 0 0 0 0 0 0 
0 0 0 0 0 0 0 0 0 0 0 0 0 0 0 0 0 0 0 1 1 1 1 0 0 0 0 0 0 0 0 0 0 0 0 0 0 0 
0 0 0 0 0 0 0 0 0 0 0 0 0 1 1 1 0 0 0 0 0 0 0 0 0 0 0 0 0 0 0 0 0 0 0 0 0 0 
0 0 0 0 0 0 0 0 0 0 0 0 0 0 0 0 0 0 0 0 0 0 0 1 0 0 0 0 0 0 0 0 0 0 0 0 0 0 
0 0 0 0 0 0 0 0 0 0 0 0 0 0 0 0 0 0 0 0 0 0 0 0 1 0 0 0 0 0 0 0 0 0 0 0 0 0 
0 0 0 0 0 0 0 0 0 0 0 0 0 0 0 0 0 0 0 0 0 0 0 0 0 1 1 0 0 0 0 0 0 0 0 0 0 0 
0 0 0 0 0 0 0 0 0 0 0 0 0 0 0 0 0 0 0 0 0 0 0 0 0 0 0 1 1 1 1 0 0 0 0 0 0 0 
0 0 0 0 0 0 0 0 0 0 0 0 0 0 0 0 0 0 0 0 0 0 0 0 0 0 0 0 0 0 0 1 0 0 0 0 0 0 
0 0 0 0 0 0 0 0 0 0 0 0 0 0 0 0 0 0 0 0 0 0 0 0 0 0 0 0 0 0 0 0 1 0 0 0 0 0 
0 0 0 0 0 0 0 0 0 0 0 0 0 0 0 0 0 0 0 0 0 0 0 0 0 0 0 0 0 0 0 0 0 1 0 0 0 0 
0 0 0 0 0 0 0 0 0 0 0 0 0 0 0 0 0 0 0 0 0 0 0 0 0 0 0 0 0 0 0 0 0 0 1 1 1 0 
0 0 0 0 0 0 0 0 0 0 0 0 0 0 0 0 0 0 0 0 0 0 0 0 0 0 0 0 0 0 0 0 0 0 0 0 0 1 
2 15 5 14 15 5 7 7 12 14 